frame,label,valid,inference_valid,phase,feature_raw,time_raw,score,alarm,evidence_type
8,0,0,0,0.16380127082278015,0.28841787576675415,nan,0.07000003135759417,0,0
9,0,0,0,0.16358841332047763,0.28644827008247375,nan,-0.022550524245815606,0,0
10,0,0,0,0.16397741939117916,0.28790104389190674,nan,0.04571442051048902,0,0
11,0,0,0,0.16367349390415364,0.2882625162601471,nan,0.06269978401899659,0,0
12,0,0,0,0.1638137042599707,0.287014365196228,0.003538399122665484,0.004049935795746056,0,0
13,0,0,0,0.16460891395644875,0.28863921761512756,0.002746297785485044,0.08040074821617162,0,0
14,0,0,0,0.1638144703972959,0.29088103771209717,0.0037958665036306434,0.18574249108041974,0,0
15,0,0,0,0.16495709884844006,0.2912404537200928,0.0026125008040157023,0.20263122749006615,0,0
16,0,0,0,0.164926553587146,0.2910458445549011,0.002963947301381384,0.1934866629166838,0,0
17,0,0,0,0.16537095359332932,0.28456899523735046,0.0027977596269918555,-0.11085648946301989,0,0
18,0,0,0,0.16537785723991802,0.28394633531570435,0.0029813658896233027,-0.14011489491963203,0,0
19,0,1,1,0.16740616492177576,0.2852247953414917,0.0016396679547522643,-0.08004084728273221,0,0
20,0,1,1,0.16934692895969594,0.284801721572876,0.0008151528638907935,-0.09992082257886327,0,0
21,0,1,1,0.17071062824594935,0.28906959295272827,0.00048346509783289693,0.10062381973289664,0,0
22,0,1,1,0.17251405657425134,0.29445841908454895,0.0007117077094280526,0.3538414340658863,0,0
23,0,1,1,0.17382018784933817,0.2934812605381012,0.0002991143179858456,0.30792535700125223,0,0
24,0,1,1,0.17339822718831327,0.29877978563308716,0.0017916772419839357,0.5568997813407734,0,0
25,0,1,1,0.1734257057576098,0.2917049527168274,0.00277702322984173,0.2244577486907916,0,0
26,0,1,1,0.1730234216284904,0.29412946105003357,0.00385807673687624,0.33838389903357474,0,0
27,0,1,1,0.17278067373538025,0.29077771306037903,0.004228165893546171,0.18088732946083066,0,0
28,0,1,1,0.17299067835976137,0.29276156425476074,0.0037582827406755477,0.27410727279258296,0,0
29,0,1,1,0.17221244254466112,0.2909640967845917,0.00443463134863786,0.18964538563876837,0,0
30,0,1,1,0.1722625159048798,0.2926303446292877,0.004081242185182019,0.2679413435710512,0,0
31,0,1,1,0.17224369964170308,0.29177483916282654,0.003909832017456036,0.22774166965933396,0,0
32,0,1,1,0.17208333536705,0.2850341498851776,0.003935952768689824,-0.08899915962207783,0,0
33,0,1,1,0.1722257008322096,0.2894623279571533,0.0035667515553524072,0.11907819522264129,0,0
34,0,1,1,0.1720470767654828,0.28962600231170654,0.0037486901939662977,0.12676915213489487,0,0
35,0,1,1,0.17052908336808,0.28400829434394836,0.005212823806519854,-0.13720347841916314,0,0
36,0,1,1,0.16922069057608727,0.28247952461242676,0.006092562530106854,-0.20903942465511938,0,0
37,0,1,1,0.16783870230342907,0.2868046462535858,0.006758889605024365,-0.005804627895355256,0,0
38,0,1,1,0.16729442850517987,0.28654736280441284,0.006206413771078429,-0.017894218394897337,0,0
39,0,1,1,0.16761206134375575,0.2888660430908203,0.004700618867426798,0.09105913733837881,0,0
40,0,1,1,0.16794618318263163,0.2926258146762848,0.003637241522469842,0.26772848387500925,0,0
41,0,1,1,0.16821289848864054,0.28936344385147095,0.0030518993680970193,0.11443169212088285,0,0
42,0,1,1,0.16821772999942997,0.29442134499549866,0.0031406169036104744,0.35209934550091115,0,0
43,0,1,1,0.16809858591211674,0.296884685754776,0.003490586364486248,0.46785020758015944,0,0
44,0,1,1,0.16784867364660194,0.2946329414844513,0.003862129772091283,0.3620421339344509,0,0
45,0,1,1,0.16863296461263055,0.2918359935283661,0.003053461422055229,0.23061527555590067,0,0
46,0,1,1,0.1693031570022289,0.2834511399269104,0.002488285563454426,-0.1633838206395893,0,0
47,0,1,1,0.16992085452137648,0.28095051646232605,0.002141944795006537,-0.28088657403297257,0,0
48,0,1,1,0.17057404067909582,0.2786763310432434,0.0019443257896021556,-0.3877491434097311,0,0
49,0,1,1,0.17053711514895117,0.2730060815811157,0.002662593077870282,-0.6541906663593287,0,0
50,0,1,1,0.1705129859061968,0.27253684401512146,0.0031627599547048137,-0.6762398500052559,0,0
51,0,1,1,0.1710114713214059,0.27654924988746643,0.002966731765487671,-0.48769937423607385,0,0
52,0,1,1,0.17080081702035096,0.28346890211105347,0.0034500402665499615,-0.16254918656826683,0,0
53,0,1,1,0.1708138511963195,0.2793181836605072,0.003493700175895201,-0.3575888850304148,0,0
54,0,1,1,0.170691878723359,0.2773468494415283,0.0036848566606978135,-0.45022066341257744,0,0
55,0,1,1,0.1698667186998578,0.27257782220840454,0.004554739888489559,-0.6743143099917183,0,0
56,0,1,1,0.16960182660287904,0.27767714858055115,0.004533443830081305,-0.4347001107070956,0,0
57,0,1,1,0.16977478728010317,0.27581340074539185,0.00406073554848915,-0.5222764713082613,0,0
58,0,1,1,0.1698528751891929,0.27950695157051086,0.0037228816603453703,-0.34871879743350764,0,0
59,0,1,1,0.17073933141830835,0.27435967326164246,0.0026266745476884153,-0.5905862286321536,0,0
60,0,1,1,0.17057458505630377,0.2713257372379303,0.003009574089305603,-0.7331490100562684,0,0
61,0,1,1,0.1699379236032998,0.27681872248649597,0.003889425155665785,-0.4750370231070504,0,0
62,0,1,1,0.16962835248655908,0.2757408916950226,0.004239780353205627,-0.52568362683767,0,0
63,0,1,1,0.1687355988655716,0.2799406051635742,0.005076403298534674,-0.3283416827156996,0,0
64,0,1,1,0.16772412226353578,0.28427302837371826,0.0055869467623863,-0.1247637897353415,0,0
65,0,1,1,0.16701231817241682,0.27820059657096863,0.005586135155313224,-0.4101036126723502,0,0
66,0,1,1,0.16664308359761099,0.27901557087898254,0.005223968372398355,-0.37180847288311375,0,0
67,0,1,1,0.16503722915505747,0.2753230631351471,0.006083505592714822,-0.5453171330120682,0,0
68,0,1,1,0.16426503133688414,0.28041037917137146,0.005931110983259641,-0.3062672920005042,0,0
69,0,1,1,0.1627823205968873,0.2749711871147156,0.00654904899159357,-0.5618515700592237,0,0
70,0,1,1,0.16123441338157005,0.28323468565940857,0.007039456813028447,-0.17355487308927936,0,0
71,0,1,1,0.16016640541759472,0.2779628336429596,0.006755297222993531,-0.4212759459290798,0,0
72,0,1,1,0.15874023768379214,0.2700978219509125,0.006963759022430402,-0.7908479916110157,0,0
73,0,1,1,0.1580106165326733,0.27372509241104126,0.006312181760276256,-0.6204047911836131,0,0
74,0,1,1,0.15706413198562127,0.27641361951828003,0.006065740291274793,-0.49407256158269913,0,0
75,0,1,1,0.1562541866075479,0.2765132188796997,0.005833115320360957,-0.48939244905524987,0,0
76,0,1,1,0.15634531483930456,0.272871732711792,0.004763932386092626,-0.6605036368182579,0,0
77,0,1,1,0.15632217336166526,0.2756829857826233,0.004188343152609989,-0.5284045899258908,0,0
78,0,1,1,0.15583646180030122,0.2819136381149292,0.004251943921222021,-0.23563008194752122,0,0
79,0,1,1,0.15546071060377428,0.2838782072067261,0.004320777571418963,-0.14331619271668442,0,0
80,0,1,1,0.15580358980575057,0.2797509431838989,0.003779529368499274,-0.3372537820947203,0,0
81,0,1,1,0.1551889520817446,0.2759256064891815,0.004258735834116731,-0.5170039926530109,0,0
82,0,1,1,0.1546505349638476,0.2812291085720062,0.004513847632033591,-0.2677957027263909,0,0
83,0,1,1,0.15460704443599088,0.28577950596809387,0.004260856450776865,-0.05397533726674973,0,0
84,0,1,1,0.154617750396063,0.28382378816604614,0.004036733948758917,-0.1458733098546624,0,0
85,0,1,1,0.15503617558373728,0.28535449504852295,0.003321848908662728,-0.07394633809079347,0,0
86,0,1,1,0.15534444821448276,0.28646573424339294,0.002975382153415443,-0.021729894101864298,0,0
87,0,1,1,0.15543894836885333,0.2820902168750763,0.0030543603117036385,-0.22733275498009542,0,0
88,0,1,1,0.15567703383689008,0.2801777720451355,0.003024250826882538,-0.31719735731371235,0,0
89,0,1,1,0.15580457810804674,0.27323561906814575,0.0031615274159326164,-0.6434048414980437,0,0
90,0,1,1,0.1562900459310064,0.2709824740886688,0.0028681602240503397,-0.7492787336023967,0,0
91,0,1,1,0.15527150803813627,0.27010151743888855,0.0041230975460513465,-0.790674342911613,0,0
92,0,1,1,0.1545188531799082,0.2710018455982208,0.004833892321600153,-0.7483684783232698,0,0
93,0,1,1,0.15397378969381473,0.2675199806690216,0.0050894106434481974,-0.9119791625862723,0,0
94,0,1,1,0.1533972485860146,0.26816707849502563,0.005208254647690311,-0.8815724350852232,0,0
95,0,1,1,0.1539256081657441,0.2687183618545532,0.0039566957317128644,-0.8556679702340093,0,0
96,0,1,1,0.15503354125671737,0.2718845307826996,0.002512287672641553,-0.7068916462353008,0,0
97,0,1,1,0.15576689560839493,0.27167612314224243,0.0019076053401663158,-0.7166845926459688,0,0
98,0,1,1,0.15619973327056277,0.2708081305027008,0.0019230441566435138,-0.7574710311145386,0,0
99,0,1,1,0.15676783324041177,0.2705989181995392,0.0020555653579315243,-0.767301788129109,0,0
100,0,1,1,0.158009906538901,0.272476464509964,0.001524048328109204,-0.6790770456906575,0,0
101,0,1,1,0.15924710923049304,0.2726393938064575,0.0010309369570630752,-0.671421098596832,0,0
102,0,1,1,0.1602326983607436,0.2736867666244507,0.000915401232337046,-0.6222056962435472,0,0
103,0,1,1,0.1609656793307802,0.26920315623283386,0.001190661534845647,-0.8328877815793063,0,0
104,0,1,1,0.16113910704675655,0.2714306712150574,0.0020666953414614194,-0.728218227228875,0,0
105,0,1,1,0.1609214036265754,0.2737300992012024,0.00306669888860647,-0.6201695252037772,0,0
106,0,1,1,0.15963949546806902,0.27383098006248474,0.004767180646133432,-0.6154291957886319,0,0
107,0,1,1,0.1608668442020837,0.27384302020072937,0.00339153118895012,-0.6148634371228361,0,0
108,0,1,1,0.16090021875742688,0.2755616009235382,0.003333447851432786,-0.5341083895441735,0,0
109,0,1,1,0.16147821412039326,0.27048584818840027,0.002695730416134021,-0.7726148781737358,0,0
110,0,1,1,0.16179524396664038,0.27036184072494507,0.0025179031933413283,-0.7784419123528848,0,0
111,0,1,1,0.160533195270112,0.26624804735183716,0.004318889014512548,-0.9717465242137433,0,0
112,0,1,1,0.15931032531215367,0.2644772231578827,0.005458346739477979,-1.054956460260574,0,0
113,0,1,1,0.15808638916430015,0.2662985026836395,0.006284809526013191,-0.9693756593098021,0,0
114,0,1,1,0.15755111998662663,0.2730022966861725,0.0059721224646634265,-0.6543685162369427,0,0
115,0,1,1,0.1573958898983823,0.2769528925418854,0.00506632155790433,-0.4687324550045439,0,0
116,0,1,1,0.15732445246698626,0.26725220680236816,0.004353432646367933,-0.92456169132928,0,0
117,0,1,1,0.15671728262153573,0.2659037709236145,0.004464134280526608,-0.9879238611129336,0,0
118,0,1,1,0.15643828247092137,0.26870444416999817,0.00440085779544985,-0.8563219536422435,0,0
119,0,1,1,0.1562547849631958,0.2674720287322998,0.004306145924249116,-0.9142323945002957,0,0
120,0,1,1,0.1569910186873169,0.2637600600719452,0.0032846359663313814,-1.0886555110865883,0,0
121,0,1,1,0.15702363795940125,0.26238876581192017,0.0031686582493297396,-1.1530917820996116,0,0
122,0,1,1,0.15913543575242264,0.26824450492858887,0.0014709573826877133,-0.8779342147541899,0,0
123,0,1,1,0.15959501239363208,0.26968684792518616,0.0013481609699405846,-0.8101594074558767,0,0
124,0,1,1,0.15983866711998726,0.2668748199939728,0.0019395631011944999,-0.9422948645594088,0,0
125,0,1,1,0.15965737718678455,0.2670339047908783,0.002832765142564764,-0.9348195681286714,0,0
126,0,1,1,0.16096711920222068,0.2683815062046051,0.0021814579339744762,-0.8714966093416572,0,0
127,0,1,1,0.1619749500487056,0.2688418924808502,0.0016315479499390525,-0.849863342338654,0,0
128,0,1,1,0.16243649966693455,0.27473804354667664,0.0017649827454784524,-0.5728068424417,0,0
129,0,1,1,0.1631539591425627,0.27372273802757263,0.0016969814065871643,-0.6205154222098455,0,0
130,0,1,1,0.16372174185271077,0.27085819840431213,0.0020033441853836405,-0.75511837131618,0,0
131,0,1,1,0.16372237717339758,0.27157601714134216,0.002691364527319326,-0.7213885118499491,0,0
132,0,1,1,0.16375464028324063,0.2674426734447479,0.003095958198649271,-0.9156117813463571,0,0
133,0,1,1,0.16407783764609965,0.26325225830078125,0.003102295989866774,-1.1125168029343466,0,0
134,0,1,1,0.16447338945423026,0.26314663887023926,0.0029377138076203653,-1.1174797947946937,0,0
135,0,1,1,0.16512174882090777,0.2648119330406189,0.0024772663413227232,-1.0392286494299987,0,0
136,0,1,1,0.16515971209158933,0.26320573687553406,0.002789145982518779,-1.1147028159969883,0,0
137,0,1,1,0.1649717704352307,0.26989230513572693,0.0033283555909645575,-0.8005050999261832,0,0
138,0,1,1,0.1643007665296125,0.2724767029285431,0.0042228426938655085,-0.6790658425487606,0,0
139,0,1,1,0.1646976130336644,0.2722054123878479,0.003782840458659187,-0.6918136176347482,0,0
140,0,1,1,0.16492280859596434,0.27307841181755066,0.0034516109495484034,-0.6507919131863426,0,0
141,0,1,1,0.16534447853264253,0.27439913153648376,0.0029707151389639615,-0.588732108648209,0,0
142,0,1,1,0.16459903090689837,0.2757040560245514,0.0038093397890610866,-0.5274145122607482,0,0
143,0,1,1,0.16480734524011276,0.2737150192260742,0.0036755915501681643,-0.6208781239287591,0,0
144,0,1,1,0.16572600033336984,0.276692271232605,0.002784369508523174,-0.48097888949064327,0,0
145,0,1,1,0.1664714322692933,0.2773726284503937,0.0022397355069510823,-0.4490093236949701,0,0
146,0,1,1,0.16797529256978583,0.276259183883667,0.001051152986269819,-0.501329396746446,0,0
147,0,1,1,0.16979352108761028,0.2754712402820587,0.00045843679279626744,-0.5383543803231161,0,0
148,0,1,1,0.17099860438736317,0.2750244140625,0.0002681991454752397,-0.5593504686307305,0,0
149,0,1,1,0.17055182907885083,0.2721577286720276,0.0018498375226508297,-0.6940542460141375,0,0
150,0,1,1,0.1702831451434812,0.2786245048046112,0.003138620660409816,-0.3901844263795798,0,0
151,0,1,1,0.1693005611686721,0.2837250828742981,0.004698167778642762,-0.15051141059999812,0,0
152,0,1,1,0.16911535995250732,0.27566465735435486,0.004760129015073025,-0.5292658314592186,0,0
153,0,1,1,0.16896222208711198,0.27752962708473206,0.004442455771754378,-0.44163205475583106,0,0
154,0,1,1,0.16809860225662873,0.28166887164115906,0.004908673854302906,-0.24713150749747362,0,0
155,0,1,1,0.1671376995852573,0.27428606152534485,0.005323440803961255,-0.5940451986928358,0,0
156,0,1,1,0.16686819194788938,0.27813732624053955,0.005052233045475457,-0.41307664645325226,0,0
157,0,1,1,0.16602387219852294,0.2787376940250397,0.005334760793687413,-0.3848657347640046,0,0
158,0,1,1,0.16623520437570158,0.27826544642448425,0.004388841144361511,-0.4070563580763808,0,0
159,0,1,1,0.16599761094009538,0.27833640575408936,0.0041605851097359205,-0.40372202296930215,0,0
160,0,1,1,0.16497571584983653,0.27859094738960266,0.0048974580387042945,-0.39176126860157495,0,0
161,0,1,1,0.1638300220565072,0.2773388922214508,0.005570032807520398,-0.450594568273388,0,0
162,0,1,1,0.16179257266845978,0.28132694959640503,0.0070590196600638895,-0.2631982133704316,0,0
163,0,1,1,0.15962304290381338,0.2823028564453125,0.008117891497899859,-0.21734095280075652,0,0
164,0,1,1,0.157704097606674,0.27802181243896484,0.008443194785968718,-0.4185045687023227,0,0
165,0,1,1,0.1573072623165948,0.275760680437088,0.007022125515257283,-0.5247537660602235,0,0
166,0,1,1,0.1567067689917576,0.2801230251789093,0.005991928905116417,-0.31976987877179863,0,0
167,0,1,1,0.15707771579724117,0.2823311388492584,0.004349531180457289,-0.21601198009323128,0,0
168,0,1,1,0.1572376455107905,0.2885702848434448,0.003553269690264896,0.07716163981521704,0,0
169,0,1,1,0.15765127908190224,0.2869364023208618,0.003023023095182262,0.0003865083954446443,0,0
170,0,1,1,0.15805937236712325,0.28281962871551514,0.002700934001288094,-0.1930581427391256,0,0
171,0,1,1,0.15745436229884863,0.2885914444923401,0.0036440949134041558,0.07815591865857101,0,0
172,0,1,1,0.1568489747609589,0.28763359785079956,0.004343644076695766,0.03314729608758961,0,0
173,0,1,1,0.15697347535847764,0.2845471501350403,0.004121975791719104,-0.11188297733932759,0,0
174,0,1,1,0.15645636921807138,0.28716304898262024,0.004469631001269234,0.011036495161229138,0,0
175,0,1,1,0.15621070549174532,0.2863665819168091,0.004314543940332327,-0.026389000738256802,0,0
176,0,1,1,0.15601651509703923,0.2896248996257782,0.004197820133262584,0.1267173376036215,0,0
177,0,1,1,0.157424036787739,0.29245057702064514,0.0025821835265829015,0.25949417458075374,0,0
178,0,1,1,0.15915725018767285,0.2932261526584625,0.0012434123154550104,0.2959379951715198,0,0
179,0,1,1,0.16141600414136012,0.29439568519592285,0.0008928371209058822,0.3508936073542523,0,0
180,0,1,1,0.1642537154111379,0.2923637926578522,0.0021583098346965894,0.25541623093026533,0,0
181,0,1,1,0.16903515046459108,0.2955821454524994,0.004880444809625103,0.406644642611668,0,0
182,0,1,1,0.17342981684714842,0.29409921169281006,0.006372332772969449,0.3369625004053997,0,0
183,0,1,1,0.1799582009370934,0.28704896569252014,0.00933257519804551,0.0056757917635403745,0,0
184,0,1,1,0.18793716197625682,0.29117485880851746,0.012675987038275606,0.1995489630756688,0,0
185,0,1,1,0.19755538604448544,0.2880352735519409,0.016373349465224507,0.052021789398469735,0,0
186,0,1,1,0.2100469431829156,0.2857522964477539,0.021734847708681115,-0.05525389583573872,0,0
187,0,1,1,0.2232198896621735,0.2865508496761322,0.025753512603997136,-0.0177303724446545,0,0
188,0,1,1,0.24017980187055915,0.2948518991470337,0.03189800263111278,0.3723308193740589,0,0
189,0,1,1,0.25942750513551727,0.2989594340324402,0.03808504592249532,0.5653413487601224,0,0
190,0,1,1,0.2789423067964505,0.3026941120624542,0.04213181781067058,0.7408315646120993,0,0
191,0,1,1,0.29824710626294426,0.3046031892299652,0.04421277637378069,0.8305379225664219,0,0
192,0,1,1,0.3174047021849702,0.33833181858062744,0.04461356814561388,2.415425400836346,0,0
193,0,1,1,0.33623121246308135,0.33646291494369507,0.04413385334512227,2.3276067722916585,0,0
194,0,1,1,0.3505227432057407,0.3373199999332428,0.03922445725589066,2.367880667018443,0,0
195,0,1,1,0.3636972341762536,0.33428436517715454,0.034503839124080976,2.2252380632083124,0,0
196,0,1,1,0.37444639620668196,0.3318142294883728,0.028890469176181988,2.1091679115850015,0,0
197,0,1,1,0.3827876500931175,0.4036358892917633,0.0229712995571896,5.484023382512135,0,0
198,0,1,1,0.3885813052889842,0.40375131368637085,0.01712584534554723,5.489447103582994,0,0
199,0,1,1,0.3936705196950267,0.3962177038192749,0.01270041923077889,5.135447425137814,0,0
200,0,1,1,0.39710207135167297,0.39650312066078186,0.008638649507731886,5.148858986381195,0,0
201,0,1,1,0.3996695544146361,0.39952316880226135,0.00554221378444725,5.290769184789813,0,0
202,0,1,1,0.4014499191159907,0.399353563785553,0.003102102405422194,5.282799549722873,0,0
203,0,1,1,0.4039022501258385,0.39519283175468445,0.0023372799585184316,5.087289319301053,0,0
204,0,1,1,0.4053157475503617,0.39395153522491455,0.0012044868676747388,5.02896156140734,0,0
205,0,1,1,0.40717557418361994,0.4001270830631256,0.0009992523589246486,5.319146743214778,0,0
206,0,1,1,0.40894789206585574,0.4016422927379608,0.0008950652989145073,5.3903455107553455,0,0
207,0,1,1,0.41077879592794553,0.398307204246521,0.0008514759235380446,5.23363176072265,0,0
208,0,1,1,0.4127706913523509,0.39253655076026917,0.001124234897416673,4.962472314641701,0,0
209,0,1,1,0.4144755642945659,0.3850958049297333,0.0009653718891343447,4.612836259965381,0,0
210,0,1,1,0.41607335105850374,0.37850743532180786,0.0007381611253357038,4.303252837963381,0,0
211,0,1,1,0.41814510936225324,0.3695412278175354,0.0010285546809232242,3.8819362806449247,0,0
212,0,1,1,0.42004227411630085,0.36480119824409485,0.0010841410763938767,3.6592052161989996,0,0
213,0,1,1,0.42124672010685316,0.3545108139514923,0.0005868591852802828,3.1756664087849042,0,0
214,0,1,1,0.4226286579375499,0.3586285412311554,0.0003308518414038685,3.3691558724870623,0,0
215,0,1,1,0.42387864017911275,0.34755459427833557,0.00022900422461505105,2.8487979392286533,0,0
216,0,1,1,0.42580768387480045,0.34164533019065857,0.0002666567668578061,2.571125266527367,0,0
217,0,1,1,0.4275333130572557,0.3394436240196228,0.0005509335096881588,2.4676684522872803,0,0
218,0,1,1,0.4294935209554676,0.34191709756851196,0.0009394931702994295,2.5838954478971488,0,0
219,0,1,1,0.430259489845852,0.3386459946632385,0.00039834588050714596,2.4301883410710468,0,0
220,0,1,1,0.4319886371291232,0.33951595425605774,0.0003124046951583541,2.4710672054602663,0,0
221,0,1,1,0.43333561310943153,0.34115344285964966,0.00020394799077309064,2.54801178440123,0,0
222,0,1,1,0.434488376898323,0.33669066429138184,0.0003728923846341133,2.3383085735887166,0,0
223,0,1,1,0.4361893296441576,0.33590447902679443,0.00014409587359495712,2.3013662131835364,0,0
224,0,1,1,0.4374066314745261,0.34006500244140625,0.00020815742262740144,2.4968666408561964,0,0
225,0,1,1,0.43876552975804284,0.3677472770214081,0.00018141204655519345,3.79763963983409,0,0
226,0,1,1,0.43960628304729454,0.3605060279369354,0.0006981379194563294,3.4573778141400395,0,0
227,0,1,1,0.44054518659167446,0.3470322787761688,0.0010387109123193268,2.824254656117918,0,0
228,0,1,1,0.441344259735737,0.3339272737503052,0.0013286020051359844,2.2084585574321616,0,0
229,0,1,1,0.44221375230129434,0.3259994685649872,0.0014435165048813899,1.8359358842531173,0,0
230,0,1,1,0.44293705790129256,0.3196139633655548,0.0015822665406960397,1.5358849356126811,0,0
231,0,1,1,0.44353617274055973,0.3116888701915741,0.0018158454149283495,1.1634896981727147,0,0
232,0,1,1,0.44380487691641923,0.3117092251777649,0.002294887776290164,1.1644461664121666,0,0
233,0,1,1,0.4443637513100226,0.3183097243309021,0.002351167677857366,1.474599548258174,0,0
234,0,1,1,0.4449601290608749,0.32163548469543457,0.0022922896791871513,1.630874975364151,0,0
235,0,1,1,0.4464051574806186,0.31043893098831177,0.0013571524546131565,1.104755826385237,0,0
236,0,1,1,0.44697722689688624,0.3093419373035431,0.0014982058180860987,1.0532087701246506,0,0
237,0,1,1,0.44780186058335436,0.3108413815498352,0.0014666596267347261,1.1236667299072824,0,0
238,0,1,1,0.44888114911542426,0.31436342000961304,0.0012468984129977963,1.2891651435799203,0,0
239,0,1,1,0.4497758365321659,0.3146137595176697,0.001332466009893449,1.3009284425717138,0,0
240,0,1,1,0.45050468239683333,0.31219449639320374,0.0014462899081128218,1.1872487613506635,0,0
241,0,1,1,0.4511402563879245,0.3101004362106323,0.0016925797920085113,1.0888501656770477,0,0
242,0,1,1,0.45208751674564657,0.313293993473053,0.0015799183854289496,1.238913450601168,0,0
243,0,1,1,0.45272817932093895,0.29847460985183716,0.001740847717692143,0.5425597597126823,0,0
244,0,1,1,0.45340548114728957,0.29011112451553345,0.0018016315885347719,0.14956474510970616,0,0
245,0,1,1,0.4544370897979243,0.2869965434074402,0.0014952226255140451,0.0032125009389493264,0,0
246,0,1,1,0.4555273760944757,0.29011401534080505,0.0012291446814626213,0.14970058320520666,0,0
247,0,1,1,0.45637053885858575,0.2917226552963257,0.0012459467545598542,0.22528958197663984,0,0
248,0,1,1,0.4572285848547639,0.2925758361816406,0.0012984906427934125,0.2653800252548619,0,0
249,0,1,1,0.4579597621302496,0.2951434254646301,0.0015230892941763248,0.38602946112854986,0,0
250,0,1,1,0.4582627581644222,0.2920871078968048,0.0021007613430850643,0.24241498475885925,0,0
251,0,1,1,0.45826646465421267,0.2924319803714752,0.0027809003707811837,0.25862032951279196,0,0
252,0,1,1,0.4583134834718473,0.29592692852020264,0.003207863002053277,0.4228457861873894,0,0
253,0,1,1,0.458392087928493,0.2963118255138397,0.0034004831996784475,0.4409318583872719,0,0
254,0,1,1,0.4584892970068589,0.2966337203979492,0.003411355570873351,0.45605750034088643,0,0
255,0,1,1,0.45821319167658187,0.29674458503723145,0.0037440956117596154,0.4612669613229664,0,0
256,0,1,1,0.45809489675654597,0.29630187153816223,0.0038490722873878143,0.4404641272130744,0,0
257,0,1,1,0.45788047377885843,0.29401150345802307,0.0040088485862500136,0.3328411445800606,0,0
258,0,1,1,0.4577916709510362,0.29524463415145874,0.003969747876663624,0.39078519486380353,0,0
259,0,1,1,0.45782686114754123,0.29563114047050476,0.0037601511662028993,0.40894688827149045,0,0
260,0,1,1,0.4576572900539149,0.2982909679412842,0.003833139627569035,0.5339305396665596,0,0
261,0,1,1,0.4574457736573976,0.30124276876449585,0.003935254348428616,0.6726338387071763,0,0
262,0,1,1,0.4574094339374173,0.2962680160999298,0.003862919038043697,0.43887328106370804,0,0
263,0,1,1,0.4573295940490473,0.2930637300014496,0.0038471996730089332,0.28830585475422515,0,0
264,0,1,1,0.4572735682756626,0.29465654492378235,0.003778908671770162,0.3631512449822486,0,0
265,0,1,1,0.4574500594541774,0.29803529381752014,0.003506487048692328,0.5219165703748219,0,0
266,0,1,1,0.457875016050126,0.29476863145828247,0.003082601901938678,0.36841812206655045,0,0
267,0,1,1,0.45825767096462283,0.2919045686721802,0.0028163425156190166,0.2338375792440098,0,0
268,0,1,1,0.45860262573750027,0.28953853249549866,0.0027034069716354277,0.12265899945145273,0,0
269,0,1,1,0.4588872969993498,0.29038092494010925,0.002751000075245283,0.16224250055883793,0,0
270,0,1,1,0.4589613207172494,0.28592005372047424,0.003036285743638842,-0.04737108511849994,0,0
271,0,1,1,0.4590406858373772,0.285948783159256,0.0032284967902918545,-0.04602110651991792,0,0
272,0,1,1,0.4593443654277117,0.2798607349395752,0.0031205709181460458,-0.33209473525117655,0,0
273,0,1,1,0.4596395388113055,0.2823003828525543,0.0030108324571050367,-0.21745718539793735,0,0
274,0,1,1,0.4599772827566313,0.2883909344673157,0.0028611489647681317,0.06873407632323925,0,0
275,0,1,1,0.45989312289647855,0.29103872179985046,0.0031992993347663952,0.19315196905251253,0,0
276,0,1,1,0.4601830971541228,0.28965261578559875,0.0031224343418974594,0.1280197028491415,0,0
277,0,1,1,0.4602467899420324,0.28936663269996643,0.0032684244855906404,0.11458153414375451,0,0
278,0,1,1,0.4604283826068739,0.29256394505500793,0.003238644603430871,0.2648212685527517,0,0
279,0,1,1,0.4603191310290968,0.29384875297546387,0.0034606711437686457,0.3251935998426577,0,0
280,0,1,1,0.460521630261294,0.2905225455760956,0.003364673944725974,0.16889716684562397,0,0
281,0,1,1,0.46048893339103336,0.29083186388015747,0.0034820040917794256,0.18343184306417457,0,0
282,0,1,1,0.46048307976010017,0.28813546895980835,0.0035483935849628364,0.056729909780661385,0,0
283,0,1,1,0.46023311658628907,0.28799116611480713,0.003812031047080511,0.04994920814753469,0,0
284,0,1,1,0.4601365632122007,0.28850772976875305,0.003887080810466956,0.07422221546000578,0,0
285,0,1,1,0.4600187143509935,0.2871945798397064,0.003908662909400823,0.012518110677100274,0,0
286,0,1,1,0.45999487458429794,0.29077544808387756,0.0038149479160864254,0.18078089961280966,0,0
287,0,1,1,0.45993814354367685,0.2938343584537506,0.003749627662756963,0.32451721015062956,0,0
288,0,1,1,0.45974211218280875,0.29690057039260864,0.003871915762972006,0.4685966169090435,0,0
289,0,1,1,0.4599272458060476,0.29733142256736755,0.0035881693823851786,0.48884209470956236,0,0
290,0,1,1,0.4597938328732936,0.28877976536750793,0.003698715178902673,0.08700500036442141,0,0
291,0,1,1,0.45999917826845177,0.2913321852684021,0.003443109355993454,0.2069416363349162,0,0
292,0,1,1,0.4597726936352522,0.29288896918296814,0.003684852670386732,0.2800939517437636,0,0
293,0,1,1,0.4598273149814259,0.28358885645866394,0.003637876687323888,-0.15691260580136576,0,0
294,0,1,1,0.4597684214493006,0.27907443046569824,0.0036717875132938034,-0.36904269722730515,0,0
295,0,1,1,0.4599127709918446,0.2772581875324249,0.00352108511475156,-0.4543868318055043,0,0
296,0,1,1,0.4599763457987255,0.2758369445800781,0.003435908488718856,-0.5211701610459378,0,0
297,0,1,1,0.4597598713124393,0.27869224548339844,0.0037032960158733643,-0.38700133368810996,0,0
298,0,1,1,0.4597205768374597,0.28089529275894165,0.003725729573606282,-0.2834815017748527,0,0
299,0,1,1,0.4596384376222951,0.2826748788356781,0.0037959076358106527,-0.19985985026330907,0,0
300,0,1,1,0.4595453142117914,0.2891540825366974,0.003820447703927002,0.10459393314262695,0,0
301,0,1,1,0.45959706346803236,0.2850392758846283,0.0036609405509525185,-0.08875829207129349,0,0
302,0,1,1,0.45959535640466964,0.2836039364337921,0.0036219456532135237,-0.1562040070763839,0,0
303,0,1,1,0.45939954899613994,0.2809285521507263,0.0037864479535456965,-0.2819186634802287,0,0
304,0,1,1,0.4593512776136991,0.2826039493083954,0.003774997179447748,-0.20319278497765056,0,0
305,0,1,1,0.4591259404310726,0.2789509892463684,0.003951825212551188,-0.3748431239444491,0,0
306,0,1,1,0.45904543734269154,0.27700942754745483,0.003914547541692276,-0.4660759099822306,0,0
307,0,1,1,0.45864025936509084,0.2759997546672821,0.004182245753798453,-0.5135198155230607,0,0
308,0,1,1,0.4587323746202869,0.2821696400642395,0.0039003080908401435,-0.22360070833567522,0,0
309,0,1,1,0.4586435701142774,0.2829459011554718,0.0038343868484965434,-0.18712467871195546,0,0
310,0,1,1,0.45891579341614336,0.2796413004398346,0.0034415709674318175,-0.34240582697457844,0,0
311,0,1,1,0.45878935895344963,0.2831493616104126,0.003535594448488455,-0.177564197495649,0,0
312,0,1,1,0.45877384664879967,0.28658899664878845,0.003588381650228162,-0.015937869741143106,0,0
313,0,1,1,0.4589211342558334,0.2854631245136261,0.003451462050322621,-0.06884190656399736,0,0
314,0,1,1,0.45919351897307503,0.2807953655719757,0.0032484683684699785,-0.2881770186224103,0,0
315,0,1,1,0.4592701988442213,0.27702417969703674,0.0032412198865566485,-0.465382715577357,0,0
316,0,1,1,0.45942293054730193,0.27409905195236206,0.0032086981561689184,-0.602832663118253,0,0
317,0,1,1,0.45941760373425455,0.278143048286438,0.003376295943841906,-0.41280777104772554,0,0
318,0,1,1,0.4595283539870897,0.28255560994148254,0.0033896630606120278,-0.20546422199725642,0,0
319,0,1,1,0.4594925243275686,0.279974102973938,0.0035092014736367834,-0.3267676412791786,0,0
320,0,1,1,0.45943344252716645,0.27661019563674927,0.003623864644875738,-0.484835571088667,0,0
321,0,1,1,0.4596321911727054,0.2778699994087219,0.003427743994302954,-0.4256381693052032,0,0
322,0,1,1,0.4595204380306769,0.27611488103866577,0.003593143995944151,-0.5081100983795728,0,0
323,0,1,1,0.4595848764356494,0.2805083990097046,0.003526726601868449,-0.30166140028812216,0,0
324,0,1,1,0.4595339842758295,0.27931714057922363,0.0036007067887085494,-0.35763789877621394,0,0
325,0,1,1,0.4596554135117194,0.2788552939891815,0.003504412989984382,-0.3793397850233359,0,0
326,0,1,1,0.45946299613766417,0.2820485234260559,0.0037026359487931206,-0.2292919044193239,0,0
327,0,1,1,0.4592373955827503,0.2772763967514038,0.003913876030453828,-0.453531191843125,0,0
328,0,1,1,0.45913725219395257,0.27470991015434265,0.003927149206026767,-0.5741288131855397,0,0
329,0,1,1,0.4589956071366743,0.2722794711589813,0.003969611242835802,-0.6883336416830094,0,0
330,0,1,1,0.4587801925751228,0.27452242374420166,0.004020074210626026,-0.5829386838947508,0,0
331,0,1,1,0.45890678223205866,0.2771266996860504,0.003722783663054852,-0.46056536456167013,0,0
332,0,1,1,0.45897762908841794,0.27492865920066833,0.0035692834690226717,-0.5638499304950915,0,0
333,0,1,1,0.45890899222916215,0.27689388394355774,0.003598014551894774,-0.4715052326240381,0,0
334,0,1,1,0.45874737675273214,0.28429871797561646,0.003737976301446758,-0.12355665119594554,0,0
335,0,1,1,0.4590538532338099,0.28261110186576843,0.0034232958647713004,-0.2028566907207422,0,0
336,0,1,1,0.4591748594502893,0.28237947821617126,0.0033390573987297474,-0.21374054307362542,0,0
337,0,1,1,0.45927243534820794,0.27353259921073914,0.0032907890912789147,-0.6294499278726601,0,0
338,0,1,1,0.45956597252763853,0.2722737789154053,0.003088112691609771,-0.6886011166957989,0,0
339,0,1,1,0.4597968789756162,0.27687349915504456,0.0030618551873586837,-0.47246310125622704,0,0
340,0,1,1,0.46015902539505144,0.28134384751319885,0.00288546520337504,-0.26240419068848553,0,0
341,0,1,1,0.4603539582978912,0.2782913148403168,0.0029365737867258464,-0.40584081718056214,0,0
342,0,1,1,0.4606864856582342,0.2765207588672638,0.0028744271638036197,-0.48903814969275894,0,0
343,0,1,1,0.46118669826436814,0.2795804738998413,0.0026543428403186216,-0.34526402855103683,0,0
344,0,1,1,0.4615794612323637,0.2871646285057068,0.0026090346945110395,0.011110715976296407,0,0
345,0,1,1,0.46203379705531783,0.28922635316848755,0.002509807830885,0.10798988553013877,0,0
346,0,1,1,0.46240549763401034,0.2910906672477722,0.0025580669415491393,0.1955928535933097,0,0
347,0,1,1,0.4626037355220564,0.2871779799461365,0.002789582047447112,0.011738091922525394,0,0
348,0,1,1,0.4629544674573817,0.29124701023101807,0.002793109426543869,0.20293931389223216,0,0
349,0,1,1,0.4631793790951276,0.2889070212841034,0.0029119493450525087,0.09298467735191644,0,0
350,0,1,1,0.46356568638617573,0.28572914004325867,0.002812037563956785,-0.05634200099247962,0,0
351,0,1,1,0.4635761992778329,0.28460198640823364,0.0030915718603409777,-0.10930625470302996,0,0
352,0,1,1,0.46369486085373424,0.28487926721572876,0.003216026223383764,-0.09627700067688151,0,0
353,0,1,1,0.4637115834079326,0.2894362807273865,0.003384402018273472,0.11785425197039992,0,0
354,0,1,1,0.46370818365784633,0.2881399095058441,0.0035208528465610458,0.056938568298492004,0,0
355,0,1,1,0.4635974593758581,0.28765010833740234,0.003667201446466925,0.03392311366395313,0,0
356,0,1,1,0.4636553256376285,0.28271669149398804,0.003614650209202816,-0.19789509925313212,0,0
357,0,1,1,0.4636737569573193,0.2818472683429718,0.0035863350854855704,-0.23874875657308361,0,0
358,0,1,1,0.4637594426380134,0.2827785611152649,0.003491192792138162,-0.1949878839308746,0,0
359,0,1,1,0.46366620551076154,0.28403201699256897,0.003597244664431798,-0.13608876580041698,0,0
360,0,1,1,0.4637835975688242,0.2808312475681305,0.003497039140094996,-0.2864909457669199,0,0
361,0,1,1,0.46379513609134954,0.2824345529079437,0.0035175686003685843,-0.21115261729543086,0,0
362,0,1,1,0.46377611229298676,0.2838529944419861,0.003566937182238908,-0.14450092497228648,0,0
363,0,1,1,0.46353622449062853,0.29189589619636536,0.003810992398340482,0.2334300649575084,0,0
364,0,1,1,0.4633783858036621,0.2971023619174957,0.00393633583027368,0.4780786761320713,0,0
365,0,1,1,0.463193599592066,0.29865652322769165,0.004019819100579217,0.5511077569800523,0,0
366,0,1,1,0.4632272384533462,0.29699817299842834,0.0038357961144781768,0.4731829031231058,0,0
367,0,1,1,0.4634056923453234,0.29270580410957336,0.0035201237625907796,0.2714871379814347,0,0
368,0,1,1,0.46337803003803757,0.2995765507221222,0.0035151530335503613,0.5943392811676306,0,0
369,0,1,1,0.4636212410276769,0.30364301800727844,0.0032718531025049376,0.7854200693619452,0,0
370,0,1,1,0.4639993135039139,0.30330559611320496,0.003000690985170637,0.7695648227922921,0,0
371,0,1,1,0.46440491169617715,0.29567357897758484,0.002788111555549308,0.4109410475291469,0,0
372,0,1,1,0.4644444801566767,0.29688993096351624,0.002998347932763154,0.46809667670189226,0,0
373,0,1,1,0.4645296435367563,0.3062177300453186,0.0031797970823433637,0.9064041990998045,0,0
374,0,1,1,0.4647294778856954,0.3057490289211273,0.003207063360674109,0.8843802225231453,0,0
375,0,1,1,0.46502689705459305,0.30241817235946655,0.00309218528722188,0.7278653282591212,0,0
376,0,1,1,0.46511511391486493,0.3036728501319885,0.0031594647665539573,0.7868218624918006,0,0
377,0,1,1,0.4651647741795242,0.30467066168785095,0.0032774629414417363,0.8337084117232576,0,0
378,0,1,1,0.4650465288468851,0.2995373606681824,0.0035544909347728334,0.59249776471832,0,0
379,0,1,1,0.46517754850201404,0.2958971858024597,0.0035027340199412756,0.4214481942357453,0,0
380,0,1,1,0.4653744704567258,0.2996174991130829,0.0033434749270847526,0.5962634207884311,0,0
381,0,1,1,0.46523834117136825,0.29890233278274536,0.003544443347907514,0.5626581962758038,0,0
382,0,1,1,0.46535140135764774,0.30091172456741333,0.003449774909589071,0.6570782761832665,0,0
383,0,1,1,0.46544761106721216,0.3052231967449188,0.0034297833277152886,0.8596716930694305,0,0
384,0,1,1,0.46556727113347135,0.3043127954006195,0.003377638902755634,0.8168924957359414,0,0
385,0,1,1,0.46573196250632043,0.30140379071235657,0.0032611476990929674,0.6802001606658264,0,0
386,0,1,1,0.4657170989356605,0.3024221360683441,0.0033994166034909097,0.7280515804931579,0,0
387,0,1,1,0.46580897229921175,0.29978305101394653,0.0033989676344428595,0.6040426024431231,0,0
388,0,1,1,0.46597456747370275,0.3016623854637146,0.0033237127679517616,0.6923513684458017,0,0
389,0,1,1,0.4662662337343046,0.3058895170688629,0.00313387059240777,0.8909816738859209,0,0
390,0,1,1,0.46656727261930686,0.3079669177532196,0.0029663995144015827,0.9885974500194875,0,0
391,0,1,1,0.4665382698381415,0.3145463764667511,0.0032079457164785304,1.2977621545930893,0,0
392,0,1,1,0.46644557751745586,0.31947702169418335,0.0034829624218966045,1.5294501309856225,0,0
393,0,1,1,0.4666485957044721,0.3166424334049225,0.0033976967458185766,1.396254576580092,0,0
394,0,1,1,0.46708502153697473,0.3245072066783905,0.0030568614058578388,1.765815419120131,0,0
395,0,1,1,0.46735719549912474,0.32741159200668335,0.002914124673124821,1.9022906933159927,0,0
396,0,1,1,0.4676173323780749,0.32744118571281433,0.00285871920942046,1.9036812833039511,0,0
397,0,1,1,0.4680349265763185,0.3227567970752716,0.002734063726331612,1.6835647520982262,0,0
398,0,1,1,0.4680334896004019,0.32558128237724304,0.0030820834202097943,1.8162855733658736,0,0
399,0,1,1,0.4680254997766561,0.3181549310684204,0.0033271902598124544,1.4673259083815817,0,0
400,0,1,1,0.46808333745623076,0.3170892298221588,0.003436428649620596,1.4172492644949692,0,0
401,0,1,1,0.46792732065872805,0.3190908133983612,0.0037089467166622732,1.511302441505307,0,0
402,0,1,1,0.46794935861818593,0.31870749592781067,0.0036600072778067818,1.4932905901204916,0,0
403,0,1,1,0.46775476677353345,0.31919676065444946,0.003833566376905265,1.5162808376857624,0,0
404,0,1,1,0.46773522894808495,0.3207196891307831,0.003785420951573107,1.5878423069452434,0,0
405,0,1,1,0.46743972005571544,0.32368457317352295,0.003993902716906164,1.7271603783974552,0,0
406,0,1,1,0.46746144530488276,0.32171833515167236,0.0038502773169856843,1.6347680671733398,0,0
407,0,1,1,0.4675062177980159,0.32236361503601074,0.003683526495526776,1.6650893707174246,0,0
408,0,1,1,0.4676087115760169,0.32485830783843994,0.0035188954736463636,1.7823134459561214,0,0
409,0,1,1,0.46752998154186054,0.32788747549057007,0.003565996164785698,1.9246521645422972,0,0
410,0,1,1,0.4673033075535816,0.3230707347393036,0.003815235524600902,1.69831648919103,0,0
411,0,1,1,0.4673095961779918,0.3213786482810974,0.0037694124623654764,1.6188063907556656,0,0
412,0,1,1,0.46719234785711505,0.3244469165802002,0.003837505378236167,1.7629824246129406,0,0
413,0,1,1,0.4673554612897205,0.3272726535797119,0.0035703010159052447,1.8957620623755471,0,0
414,0,1,1,0.4675403054944721,0.3268924951553345,0.003341826748118612,1.8778986526208665,0,0
415,0,1,1,0.46752425962061356,0.3258373439311981,0.0034171221071997828,1.8283177477631938,0,0
416,0,1,1,0.46696646324615637,0.32486027479171753,0.004028584342312441,1.7824058718767712,0,0
417,0,1,1,0.4662957296728429,0.32908549904823303,0.004642846762886258,1.980946552181715,0,0
418,0,1,1,0.46532076060334476,0.32672208547592163,0.005352882928164976,1.8698912069500242,0,0
419,0,1,1,0.4640966569975944,0.33177703619003296,0.006022100311133508,2.1074202214490776,0,0
420,0,1,1,0.46281758998054323,0.3443327844142914,0.006444266672429877,2.697407081989745,0,0
421,0,1,1,0.46168990244332214,0.34707462787628174,0.006534735893247681,2.826244614197363,0,0
422,0,1,1,0.46020127263376925,0.3495596647262573,0.006871908895420384,2.943014962189234,0,0
423,0,1,1,0.4585941039076593,0.3494790196418762,0.007199205629136449,2.9392254994425917,0,0
424,0,1,1,0.45679248811233575,0.357648640871048,0.007625183151976242,3.3231109592906134,0,0
425,0,1,1,0.4536808822257124,0.36873748898506165,0.009230513571547718,3.8441690889175817,0,0
426,0,1,1,0.450329178645316,0.3894736170768738,0.010579962097541664,4.81854695108437,0,0
427,0,1,1,0.44628559130466244,0.41067227721214294,0.012155525941081933,5.814658908531235,0,0
428,0,1,1,0.440961001737876,0.436172753572464,0.014402987357119158,7.012910555617436,0,0
429,0,1,1,0.433935247040187,0.43626639246940613,0.017470870461193236,7.017310589597462,0,0
430,0,1,1,0.42388220963496664,0.4471290707588196,0.022587499070032227,7.5277411387424396,0,0
431,0,1,1,0.40980771065748034,0.4652650058269501,0.030050255794931188,8.379937535381133,0,0
432,0,1,1,0.39010323140114334,0.48730605840682983,0.04063526488947266,9.415632993935382,0,0
433,0,1,1,0.3638811513126071,0.5291463732719421,0.05414290239382571,11.38168356857237,0,1
434,0,1,1,0.3260461629525052,0.542988121509552,0.07446436682203264,12.032098776112427,0,3
435,0,1,1,0.28471359736719,0.5106804370880127,0.09133792073673253,10.513980623155566,1,3
436,0,1,1,0.23766298995485724,0.4944710433483124,0.10711499982649268,9.752311214615148,0,2
437,0,1,1,0.19167302326011093,0.5115839838981628,0.11499490615966747,10.556437730159518,0,3
438,0,1,1,0.1444493844470391,0.46627077460289,0.11916651295961525,8.4271979894734,0,2
439,0,1,1,0.09976458348529314,0.4789167642593384,0.11845211929499466,9.021425239222062,0,2
440,0,1,1,0.04132254254066052,0.3242799937725067,0.13065690676915306,1.7551388248923412,0,2
441,0,1,1,0.9792032209812999,0.32272905111312866,0.14369111647496452,1.682260986459969,0,2
442,0,1,1,0.9261622230207591,0.3509589731693268,0.14361466386580252,3.008767602375148,0,2
443,0,1,1,0.8919580709876045,0.3511810898780823,0.12324702554238716,3.0192047294448905,0,2
444,0,1,1,0.8684177703956051,0.29733413457870483,0.09483569800996441,0.48896953044864017,0,2
445,0,1,1,0.8516467432216075,0.2974265217781067,0.06838053214769815,0.4933107479337068,0,0
446,0,1,1,0.8420038191130872,0.30600112676620483,0.04613433681629536,0.8962261446864288,0,0
447,0,1,1,0.8367393250434227,0.3170759379863739,0.03035922990904183,1.4166246893342145,0,0
448,0,1,1,0.8332450293617081,0.31731849908828735,0.020048839104711058,1.4280224858216202,0,0
449,0,1,1,0.8315132085274259,0.322531133890152,0.012987474680518942,1.6729609782927666,0,0
450,0,1,1,0.830092069313508,0.33128419518470764,0.009375230220891508,2.0842619267553526,0,0
451,0,1,1,0.8290901606829265,0.32391196489334106,0.007399201401578179,1.7378453749816676,0,0
452,0,1,1,0.8288084005185707,0.3200102150440216,0.005768670475809892,1.5545045574454057,0,0
453,0,1,1,0.8285587538543638,0.32183757424354553,0.004909159929232462,1.64037103851455,0,0
454,0,1,1,0.8282045258136302,0.3207027018070221,0.004524774301700532,1.587044083085086,0,0
455,0,1,1,0.827996527904046,0.31951913237571716,0.004260886336315353,1.5314288859231708,0,0
456,0,1,1,0.828067036084203,0.32006824016571045,0.003916969961438252,1.557231122104575,0,0
457,0,1,1,0.828022218667499,0.31552624702453613,0.0037764462695502295,1.3438056673968013,0,0
458,0,1,1,0.8281130831743484,0.31473010778427124,0.003551447965984664,1.3063955758174235,0,0
459,0,1,1,0.8282655135437071,0.31472694873809814,0.003376156936805455,1.306247134187289,0,0
460,0,1,1,0.8283206819848199,0.31586340069770813,0.0033882349056079926,1.3596483104318202,0,0
461,0,1,1,0.8284086874964226,0.309235543012619,0.0033636408691595206,1.0482093680531384,0,0
462,0,1,1,0.8283808475667043,0.30663254857063293,0.003488098006108745,0.9258962656077537,0,0
463,0,1,1,0.8284523579988856,0.3064892292022705,0.00348352867201637,0.9191617769349519,0,0
464,0,1,1,0.8285480075639626,0.3051646649837494,0.0034345902207339714,0.8569213217337301,0,0
465,0,1,1,0.828279267486262,0.3051985502243042,0.0037601616932202682,0.8585135682758337,0,0
466,0,1,1,0.8284350928097672,0.3007591962814331,0.003571981367174901,0.6499110661546952,0,0
467,0,1,1,0.8287353475941293,0.3006938397884369,0.003285287893578623,0.6468400048821948,0,0
468,0,1,1,0.8289249237752585,0.3022543787956238,0.0031664591112602865,0.7201687697759191,0,0
469,0,1,1,0.8289651829408147,0.2967768609523773,0.0032204289985280883,0.4627835866572655,0,0
470,0,1,1,0.8292704208023163,0.29429060220718384,0.003086670000664646,0.34595582256317325,0,0
471,0,1,1,0.8291773377068685,0.28663170337677,0.0033885850942496605,-0.013931106948852615,0,0
472,0,1,1,0.8292640977288636,0.28899088501930237,0.003412322600439441,0.09692538251416727,0,0
473,0,1,1,0.829535840980872,0.28603261709213257,0.0032253728368322994,-0.04208180175040421,0,0
474,0,1,1,0.8296215824818796,0.2862854599952698,0.0032822958458390257,-0.03020086976869275,0,0
475,0,1,1,0.8296265208006197,0.28503188490867615,0.0033651479469896913,-0.08910558947009882,0,0
476,0,1,1,0.829712603885082,0.284311980009079,0.00339136063596526,-0.1229334764279279,0,0
477,0,1,1,0.8300680017879037,0.2843743860721588,0.00314808927219806,-0.12000105403640224,0,0
478,0,1,1,0.8304739323689434,0.2844010293483734,0.002875198892916345,-0.1187491029294185,0,0
479,0,1,1,0.8309165519475692,0.27687907218933105,0.002645666786056514,-0.4722012278143859,0,0
480,0,1,1,0.831175393197219,0.2735291123390198,0.0027093333231440727,-0.6296137738229028,0,0
481,0,1,1,0.8312389065104875,0.27369874715805054,0.0030115173379098555,-0.6216427383632257,0,0
482,0,1,1,0.8311732895590361,0.27390822768211365,0.003369860470007144,-0.6117993778140213,0,0
483,0,1,1,0.8312400624795506,0.27324366569519043,0.003477926847015836,-0.6430267354590218,0,0
484,0,1,1,0.8313017180795146,0.27517440915107727,0.0034971488800472324,-0.5523022919848142,0,0
485,0,1,1,0.8317709170618118,0.2799142599105835,0.00305953111832388,-0.32957962989531214,0,0
486,0,1,1,0.8321482726759512,0.2817121148109436,0.002815178142015648,-0.245099537635915,0,0
487,0,1,1,0.8332351643433711,0.278283029794693,0.0019720322538244713,-0.40623012636148104,0,0
488,0,1,1,0.8338977025082748,0.2783379852771759,0.0018082695548758939,-0.4036478021542349,0,0
489,0,1,1,0.8344425915173295,0.2760275900363922,0.001912376653011247,-0.5122118487065922,0,0
490,0,1,1,0.8347248400126274,0.27792713046073914,0.0022980467715927573,-0.4229536164281475,0,0
491,0,1,1,0.8349617251999467,0.27887314558029175,0.0027053034184424648,-0.378500949773802,0,0
492,0,1,1,0.835143580974387,0.27869099378585815,0.0029550878581460745,-0.38706015018306894,0,0
493,0,1,1,0.8351271343900151,0.27841880917549133,0.003283004059046077,-0.39984993705117017,0,0
494,0,1,1,0.8351785623131308,0.27999743819236755,0.003402711854101734,-0.32567113376601503,0,0
495,0,1,1,0.8350909441659555,0.27808913588523865,0.0036037605764028787,-0.41534108150917254,0,0
496,0,1,1,0.8356042587114108,0.27626749873161316,0.003122750772449859,-0.50093868717279,0,0
497,0,1,1,0.8359527671120068,0.27066999673843384,0.0028894118061097126,-0.7639618514510819,0,0
498,0,1,1,0.8361693166406015,0.27024051547050476,0.002879270458013031,-0.7841429111856933,0,0
499,0,1,1,0.8361714820127035,0.27308833599090576,0.003124793667778622,-0.6503255824048823,0,0
500,0,1,1,0.8366041584060555,0.2727278470993042,0.0029622517361136387,-0.6672647329530649,0,0
501,0,1,1,0.8363576226119657,0.2756974995136261,0.0034587624538646696,-0.5277225986629142,0,0
502,0,1,1,0.8364354870873667,0.2768436074256897,0.003482111853453343,-0.47386769517155664,0,0
503,0,1,1,0.8359268441206265,0.2748289704322815,0.004057297431884902,-0.5685342442007522,0,0
504,0,1,1,0.8361484396624836,0.27163878083229065,0.003774542417008445,-0.718439284745578,0,0
505,0,1,1,0.8358718611676806,0.2748071253299713,0.003937191225918482,-0.5695607320770598,0,0
506,0,1,1,0.8354245696655941,0.28262192010879517,0.004263042366933781,-0.20234834815716826,0,0
507,0,1,1,0.8351380685015496,0.2788124084472656,0.0042968141755351215,-0.38135495017204907,0,0
508,0,1,1,0.8349202966165196,0.274707555770874,0.004317392155795932,-0.574239444211772,0,0
509,0,1,1,0.8345604479050407,0.27244916558265686,0.004370205105783784,-0.6803598054378579,0,0
510,0,1,1,0.8342092605137039,0.2731681764125824,0.004393539181460568,-0.6465739302621424,0,0
511,0,1,1,0.8337873009353438,0.27055442333221436,0.004511671471848136,-0.7693925744856266,0,0
512,0,1,1,0.8331841062410403,0.26827725768089294,0.0047771742746001685,-0.876395183136097,0,0
513,0,1,1,0.8329610213833606,0.26694706082344055,0.004566211538410106,-0.9389003125646341,0,0
514,0,1,1,0.8326718340556583,0.2720816135406494,0.004455542235692414,-0.6976308490647376,0,0
515,0,1,1,0.8325627062885254,0.2724509537220001,0.004180313388313897,-0.6802757818736308,0,0
516,0,1,1,0.8324318577189483,0.2735293507575989,0.004005013296186297,-0.6296025706810059,0,0
517,0,1,1,0.8326292039907893,0.271141916513443,0.0036196048938223176,-0.7417866324588139,0,0
518,0,1,1,0.8326561422314149,0.27309557795524597,0.0035097123050538944,-0.6499852869697624,0,0
519,0,1,1,0.8328478869395062,0.2748153805732727,0.0033140446409018172,-0.5691728232888781,0,0
520,0,1,1,0.8331125673371973,0.2725040912628174,0.003120659405955903,-0.6777788816233489,0,0
521,0,1,1,0.8336848847618734,0.2667498290538788,0.002718519385842025,-0.9481681116988828,0,0
522,0,1,1,0.8343358779721077,0.2656829059123993,0.0023314463683787286,-0.9983021716877172,0,0
523,0,1,1,0.8350131574707202,0.2632609009742737,0.0020741008049394135,-1.1121106890405823,0,0
524,0,1,1,0.8359072722763117,0.2700451612472534,0.0017213036321515026,-0.7933224855775036,0,0
525,0,1,1,0.8369657914276607,0.27156031131744385,0.0013614607155810728,-0.7221265188224105,0,0
526,0,1,1,0.8377877721899638,0.27345624566078186,0.001359706619724785,-0.6330377340651571,0,0
527,0,1,1,0.8389785441369959,0.2765226364135742,0.0010319082271567056,-0.48894992495032047,0,0
528,0,1,1,0.8394552863028779,0.2790302336215973,0.001546512727843616,-0.3711194796564516,0,0
529,0,1,1,0.8406679253472361,0.2757495045661926,0.0012208771901269762,-0.5252789133366428,0,0
530,0,1,1,0.8412498773814372,0.27178847789764404,0.0015644586358197462,-0.7114051120270329,0,0
531,0,1,1,0.8414198822598891,0.27125245332717896,0.0022599800552362244,-0.7365925757968422,0,0
532,0,1,1,0.8416182609827806,0.2699001431465149,0.0026719358630679898,-0.8001367966363212,0,0
533,0,1,1,0.8424366578636762,0.2688751816749573,0.0023942826521480805,-0.8482991036512929,0,0
534,0,1,1,0.8417845472090623,0.2661835849285126,0.003488576435871996,-0.9747755737041301,0,0
535,0,1,1,0.8409976736650627,0.2633044123649597,0.004409117436777796,-1.1100661156443896,0,0
536,0,1,1,0.8404363241178845,0.2659114897251129,0.004864914835249448,-0.98756115939402,0,0
537,0,1,1,0.8397163919244057,0.2669748365879059,0.005289362812504192,-0.9375951465336398,0,0
538,0,1,1,0.8394247654444278,0.26403579115867615,0.004900922807664518,-1.0756990774827702,0,0
539,0,1,1,0.8391757555507936,0.2677234411239624,0.004559987260140089,-0.9024186813699658,0,0
540,0,1,1,0.838102922979355,0.27210575342178345,0.005177340303011449,-0.6964965309476718,0,0
541,0,1,1,0.8380194440955904,0.2732209265232086,0.004677468902143653,-0.6440952351174429,0,0
542,0,1,1,0.8377646726420607,0.26821020245552063,0.004508003398469515,-0.879546066794613,0,0
543,0,1,1,0.8371649890646431,0.2671070396900177,0.004692663775295311,-0.9313830043517832,0,0
544,0,1,1,0.8368431354138214,0.2680288553237915,0.004511825804579398,-0.8880674565999778,0,0
545,0,1,1,0.8361996642884378,0.27123430371284485,0.004840350038579547,-0.7374454149737473,0,0
546,0,1,1,0.8360860628311992,0.2707361876964569,0.004499006544030013,-0.7608515791819421,0,0
547,0,1,1,0.8359378105155328,0.2690959572792053,0.004227606406981052,-0.8379249942547208,0,0
548,0,1,1,0.8358392710257793,0.2669649124145508,0.004019351259457069,-0.9380614773151003,0,0
549,0,1,1,0.8352152539985812,0.268877774477005,0.004392402189644593,-0.8481772694831636,0,0
550,0,1,1,0.8351288412010776,0.27088725566864014,0.00423271241468409,-0.7537529883974896,0,0
551,0,1,1,0.8352155111831951,0.2721937894821167,0.003906737025036075,-0.6923597708022244,0,0
552,0,1,1,0.8352912785749675,0.2679164409637451,0.003650394800179255,-0.8933497380043879,0,0
553,0,1,1,0.8353000888567206,0.26675042510032654,0.0035045864057232897,-0.9481401038441405,0,0
554,0,1,1,0.8353768881039223,0.2690221071243286,0.0034489958730564126,-0.8413951674572998,0,0
555,0,1,1,0.8348464088500546,0.26678726077079773,0.004041486852635332,-0.9464092184210623,0,0
556,0,1,1,0.8349491771381357,0.2657661437988281,0.0038464429812690966,-0.9943908747729457,0,0
557,0,1,1,0.8347842765121485,0.26506349444389343,0.003925818248048299,-1.0274079343359834,0,0
558,0,1,1,0.8346144032317372,0.26672783493995667,0.003966738442316567,-0.9492016015388761,0,0
559,0,1,1,0.8347881660738606,0.26883819699287415,0.0036023543821468414,-0.8500369910380567,0,0
560,0,1,1,0.8346687868288348,0.2709968388080597,0.0037071729331241672,-0.7486037443031057,0,0
561,0,1,1,0.8349610535650085,0.27118927240371704,0.0033448086196252976,-0.739561408399533,0,0
562,0,1,1,0.8347644234298631,0.26881706714630127,0.0035856330179856706,-0.8510298694886735,0,0
563,0,1,1,0.8352784865926438,0.2690352201461792,0.003109074904736467,-0.8407789946529678,0,0
564,0,1,1,0.8351898156001671,0.27216383814811707,0.0033203260269089293,-0.6937671655030283,0,0
565,0,1,1,0.8353436788449283,0.2740408480167389,0.003296719974980819,-0.605567630133845,0,0
566,0,1,1,0.8358305881681578,0.2709134817123413,0.0029054669717312994,-0.7525206427888256,0,0
567,0,1,1,0.8358548358246682,0.26927492022514343,0.003147760499794536,-0.8295156358683256,0,0
568,0,1,1,0.8358098847319564,0.26896730065345764,0.0033367989005124972,-0.8439704897008604,0,0
569,0,1,1,0.8361045826586772,0.2635440230369568,0.003197118256739043,-1.0988069580379587,0,0
570,0,1,1,0.8360195432061911,0.26361018419265747,0.003472383662662307,-1.0956980861615562,0,0
571,0,1,1,0.8369304206591948,0.2714058756828308,0.0026087449691669625,-0.7293833539861574,0,0
572,0,1,1,0.8372321899917572,0.27480337023735046,0.0025758718452361636,-0.5697371815619368,0,0
573,0,1,1,0.8372238891884316,0.27068087458610535,0.002939748963511954,-0.7634507081020337,0,0
574,0,1,1,0.8369043758338726,0.27307042479515076,0.0035390889505096087,-0.6511672184398903,0,0
575,0,1,1,0.8370483420870631,0.27141761779785156,0.0036163308542393998,-0.7288315992477328,0,0
576,0,1,1,0.8369019091143659,0.267156183719635,0.003792244183903723,-0.9290737567282752,0,0
577,0,1,1,0.8364778879788132,0.2710065245628357,0.004133695100108634,-0.7481486166635423,0,0
578,0,1,1,0.8359492199287516,0.2671931982040405,0.004475862847765602,-0.9273344689487742,0,0
579,0,1,1,0.8352955516573207,0.2670389413833618,0.004890742142916235,-0.9345829017560985,0,0
580,0,1,1,0.835244894379594,0.2702881693840027,0.004503201813207317,-0.7819036831990412,0,0
581,0,1,1,0.8351437611079187,0.2704237103462219,0.00419008140118973,-0.7755346970306273,0,0
582,0,1,1,0.8347511448633969,0.270231157541275,0.004249165927987905,-0.7845826345051485,0,0
583,0,1,1,0.8346481064923339,0.2726368308067322,0.004052685532712178,-0.6715415323722241,0,0
584,0,1,1,0.8345670330079469,0.2750343382358551,0.003971897725852489,-0.55888413784927,0,0
585,0,1,1,0.8339896146859666,0.27299249172210693,0.004379850704921026,-0.6548292454474546,0,0
586,0,1,1,0.8336243951180434,0.27375179529190063,0.004456533667356125,-0.6191500392911551,0,0
587,0,1,1,0.8331632943007253,0.27187997102737427,0.004635947048335862,-0.7071059063240799,0,0
588,0,1,1,0.8328225541498172,0.27315738797187805,0.004605484151341846,-0.6470808724329792,0,0
589,0,1,1,0.8327088781045044,0.27194514870643616,0.004283040482122189,-0.7040432474080022,0,0
590,0,1,1,0.832807140502372,0.269540935754776,0.0038645939388890745,-0.8170157302968077,0,0
591,0,1,1,0.8325672872471621,0.270611047744751,0.0039001335401811473,-0.7667318282851018,0,0
592,0,1,1,0.8326610003082102,0.2723235487937927,0.0036574187157422363,-0.6862624608248115,0,0
593,0,1,1,0.8327191867882862,0.2724806070327759,0.0035588437752645504,-0.6788823911001981,0,0
594,0,1,1,0.8329818333924868,0.2706727981567383,0.003298774342009367,-0.7638302145337927,0,0
595,0,1,1,0.8328965004597866,0.2724553048610687,0.0034277804972382394,-0.6800713245340115,0,0
596,0,1,1,0.8326786286081977,0.26993849873542786,0.003727955651983192,-0.79833449118365,0,0
597,0,1,1,0.8324530082206294,0.273758202791214,0.003957983114548422,-0.6188489548526747,0,0
598,0,1,1,0.8323107242512386,0.27112579345703125,0.004033722442024987,-0.7425442449295949,0,0
599,0,1,1,0.8320712703644132,0.2663726806640625,0.004105399043538402,-0.9658900817871147,0,0
600,0,1,1,0.8320247948974404,0.26927125453948975,0.00394556698666784,-0.8296878841749911,0,0
601,0,1,1,0.8318378188522837,0.27040112018585205,0.003969084604135223,-0.776596194725363,0,0
602,0,1,1,0.8319049664202126,0.27093347907066345,0.0037481396941198815,-0.7515809792622192,0,0
603,0,1,1,0.8319761549092327,0.27253031730651855,0.0035755117473432714,-0.6765465360146848,0,0
604,0,1,1,0.8320921630545962,0.27227506041526794,0.003435724738184651,-0.6885408998081028,0,0
605,0,1,1,0.8319159744103243,0.2722185254096985,0.003628755421745536,-0.6911974448304162,0,0
606,0,1,1,0.8317136309092792,0.27539050579071045,0.0038506378123007697,-0.5421480442479696,0,0
607,0,1,1,0.8316543945638979,0.27229809761047363,0.0038620402799487115,-0.6874583962223104,0,0
608,0,1,1,0.8316714404274373,0.2720276713371277,0.003764554330075551,-0.7001655599189217,0,0
609,0,1,1,0.8316346234085297,0.27437782287597656,0.00369619069219351,-0.5897333894552486,0,0
610,0,1,1,0.8315180979862105,0.27443358302116394,0.0037423783640640725,-0.5871132546441004,0,0
611,0,1,1,0.8317410981056007,0.2681180238723755,0.003470495013906641,-0.8838774815305199,0,0
612,0,1,1,0.8318084636284566,0.2665335237979889,0.0034248053764764337,-0.9583321621848873,0,0
613,0,1,1,0.832030800825143,0.27457109093666077,0.003236723980044845,-0.5806518425550365,0,0
614,0,1,1,0.8320452654155531,0.2711150050163269,0.0033213037437880817,-0.7430511871004317,0,0
615,0,1,1,0.8321970629739647,0.26559141278266907,0.0033012980427122003,-1.0026013773906703,0,0
616,0,1,1,0.8320619688644852,0.26969408988952637,0.00355038336928262,-0.809819112020757,0,0
617,0,1,1,0.8323308130244148,0.2706824243068695,0.003344915518360217,-0.7633778876797035,0,0
618,0,1,1,0.83220281342872,0.2715364098548889,0.0035479181638729236,-0.7232496337975793,0,0
619,0,1,1,0.8319850665839505,0.27309921383857727,0.0038050520119341487,-0.649814439055834,0,0
620,1,1,1,0.8319364819719921,0.27167144417762756,0.0038006375263890642,-0.7169044543056964,0,0
621,1,1,1,0.8319196355938356,0.27118486166000366,0.003786112181422244,-0.7397686665246265,0,0
622,1,1,1,0.8322405151750905,0.2750089466571808,0.0033624382425226336,-0.5600772724612949,0,0
623,1,1,1,0.832472433634055,0.27242955565452576,0.0031399452201507057,-0.6812812638588817,0,0
624,1,1,1,0.8326673589264597,0.26942044496536255,0.003066861690272091,-0.822677518132977,0,0
625,1,1,1,0.8327465121501129,0.27186620235443115,0.0031704277052358428,-0.7077528877686284,0,0
626,1,1,1,0.8327679354671538,0.2730637788772583,0.0033557235272642346,-0.6514795060202676,0,0
627,1,1,1,0.832801498816074,0.2749786972999573,0.003454015251359824,-0.5614986710894699,0,0
628,1,1,1,0.8330384131008696,0.27451446652412415,0.003299367262069028,-0.5833125887555614,0,0
629,1,1,1,0.8330010526368263,0.27563533186912537,0.003429491269714727,-0.5306438179125429,0,0
630,1,1,1,0.833436255041232,0.2776501774787903,0.0030579239869874516,-0.43596746613418763,0,0
631,1,1,1,0.8336806369777295,0.27410298585891724,0.00298062194400944,-0.6026478112769533,0,0
632,1,1,1,0.8343277115886436,0.2742508053779602,0.0025533318735092543,-0.5957018633008467,0,0
633,1,1,1,0.8345405336469793,0.2743976414203644,0.0026628344371170372,-0.588802128285065,0,0
634,1,1,1,0.8345998559927722,0.27340561151504517,0.00298838234386242,-0.635417001325521,0,0
635,1,1,1,0.8353862369326182,0.2696506977081299,0.002492901641901521,-0.8118580838460011,0,0
636,1,1,1,0.8355509223238082,0.2727549970149994,0.0027546162394335967,-0.6659889751695501,0,0
637,1,1,1,0.8357128161610243,0.2707281708717346,0.002898525086008655,-0.761228284828227,0,0
638,1,1,1,0.8356704997013068,0.27764374017715454,0.003233912174237433,-0.43626995096540516,0,0
639,1,1,1,0.8355117928128958,0.27464139461517334,0.0036602799897821033,-0.5773483160881746,0,0
640,1,1,1,0.8351978933619926,0.27384454011917114,0.00400556841075472,-0.614792017093243,0,0
641,1,1,1,0.8355302821712844,0.2718891203403473,0.0035849223610089328,-0.7066759857537845,0,0
642,1,1,1,0.8354221592939046,0.27698761224746704,0.003647411740953785,-0.46710099746580114,0,0
643,1,1,1,0.8353877355911389,0.2770973742008209,0.00361975034186898,-0.4619433510149945,0,0
644,1,1,1,0.8349963445746658,0.27140361070632935,0.003980127052902874,-0.7294897838341784,0,0
645,1,1,1,0.8352002881681331,0.27355289459228516,0.003725796262603856,-0.6284962604186825,0,0
646,1,1,1,0.8349422508300952,0.2742892801761627,0.0039013350998538783,-0.593893956277227,0,0
647,1,1,1,0.8347066508514932,0.2702585756778717,0.004016957962503534,-0.7832942731869996,0,0
648,1,1,1,0.8345172241434184,0.2728539705276489,0.004036113485666873,-0.6613382708895803,0,0
649,1,1,1,0.8344594335598194,0.27483174204826355,0.003974123961454049,-0.5684040076762001,0,0
650,1,1,1,0.8344648861633296,0.2760663628578186,0.0037834577058654924,-0.5103899377556013,0,0
651,1,1,1,0.8342307784992737,0.27283990383148193,0.003898224203229936,-0.6619992562615001,0,0
652,1,1,1,0.8339995516796772,0.27377963066101074,0.0040104829347716005,-0.6178420724746867,0,0
653,1,1,1,0.833998480507489,0.27266639471054077,0.003882135991024463,-0.6701523427770028,0,0
654,1,1,1,0.8343867437297792,0.2733650505542755,0.0033786345056517316,-0.637322935840739,0,0
655,1,1,1,0.8348438821387566,0.27695563435554504,0.0029019604882866952,-0.46860361887272906,0,0
656,1,1,1,0.835017964020135,0.27812260389328003,0.0028811545167790583,-0.4137684404653887,0,0
657,1,1,1,0.834752609173494,0.27507105469703674,0.003401112448534413,-0.5571588539971404,0,0
658,1,1,1,0.8347365789022811,0.2732436954975128,0.0036056748862485473,-0.6430253350662847,0,0
659,1,1,1,0.8345040671927065,0.2722678780555725,0.003925645388948654,-0.6888783944577483,0,0
660,1,1,1,0.8348445085326754,0.27430737018585205,0.0035002503124672265,-0.5930439178857962,0,0
661,1,1,1,0.8348085020702538,0.27871569991111755,0.0034928929030239838,-0.3858992246039979,0,0
662,1,1,1,0.835111784090836,0.2797946631908417,0.0032035841066317657,-0.3351994059493678,0,0
663,1,1,1,0.8352414218513999,0.26999419927597046,0.0031677476432065118,-0.7957171571579759,0,0
664,1,1,1,0.8352649623175336,0.27288466691970825,0.0033285458417462417,-0.6598958663703485,0,0
665,1,1,1,0.8351863799607124,0.2785802185535431,0.0035122416447818912,-0.39226540998693754,0,0
666,1,1,1,0.8352690849273792,0.27619311213493347,0.003524006150729811,-0.5044340674446373,0,0
667,1,1,1,0.835260045614283,0.2757056951522827,0.0035723706729617584,-0.5273374906602066,0,0
668,1,1,1,0.8358774526498121,0.27574387192726135,0.0029596195781534914,-0.5255435875639581,0,0
669,1,1,1,0.8357683573039516,0.27736812829971313,0.003221837507083572,-0.449220782998275,0,0
670,1,1,1,0.8349365587142016,0.2783247232437134,0.004199130432643386,-0.40427097692225256,0,0
671,1,1,1,0.8343838116261718,0.27373194694519043,0.00466874596737876,-0.6200827008540759,0,0
672,1,1,1,0.8340908129393427,0.2689298391342163,0.00474268615718004,-0.845730783371418,0,0
673,1,1,1,0.8342118693948463,0.2722351551055908,0.004174969774059176,-0.6904160256831042,0,0
674,1,1,1,0.8341446547686915,0.2759591341018677,0.003853062422937617,-0.5154285508237528,0,0
675,1,1,1,0.8340613519033708,0.2758157551288605,0.0037383893018807486,-0.5221658402820288,0,0
676,1,1,1,0.8341298186387248,0.27163445949554443,0.0035893076358265137,-0.7186423416924602,0,0
677,1,1,1,0.8339513082905686,0.27173590660095215,0.003777569408828227,-0.7138754048153096,0,0
678,1,1,1,0.8337130004525763,0.2698000371456146,0.003950736970751098,-0.8048407158403015,0,0
679,1,1,1,0.8336603536752598,0.27146467566490173,0.003895470169038848,-0.726620379115823,0,0
680,1,1,1,0.8334445169989597,0.2811488211154938,0.00401105728831119,-0.27156836076018753,0,0
681,1,1,1,0.833713155055267,0.2803439497947693,0.003571093822062635,-0.3093887674115408,0,0
682,1,1,1,0.833762093218257,0.2787612974643707,0.0034626173502472187,-0.3837566237162069,0,0
683,1,1,1,0.833953192841674,0.2784484624862671,0.0032837909182503707,-0.39845654627773747,0,0
684,1,1,1,0.833611585470837,0.2746725082397461,0.0036986080806909157,-0.5758863060706231,0,0
685,1,1,1,0.8339416702405698,0.2725909650325775,0.0034102904289275123,-0.6736967367946491,0,0
686,1,1,1,0.8342172057753163,0.2703060507774353,0.003191883690506628,-0.7810634475567703,0,0
687,1,1,1,0.8345661215984645,0.27529141306877136,0.0029567460066232372,-0.5468043500988878,0,0
688,1,1,1,0.8345751632233904,0.27617624402046204,0.003100936570894994,-0.5052266897338462,0,0
689,1,1,1,0.8344761051561802,0.2772461473941803,0.003440889076243567,-0.4549525904713001,0,0
690,1,1,1,0.8348354811204184,0.27736663818359375,0.0032151218409079948,-0.4492908026351309,0,0
691,1,1,1,0.8352137323804015,0.2753671407699585,0.0029914394172003674,-0.5432459521538703,0,0
692,1,1,1,0.8352069200174532,0.2788611352443695,0.0031601544756329177,-0.37906530804686067,0,0
693,1,1,1,0.8356321295721634,0.27854785323143005,0.0028928841194384687,-0.393786236499448,0,0
694,1,1,1,0.8358467726262486,0.2735539674758911,0.0029672471693490106,-0.6284458462801462,0,0
695,1,1,1,0.8357187301536436,0.27062851190567017,0.0033481125184115753,-0.7659111981411505,0,0
696,1,1,1,0.8357644097841079,0.2738285958766937,0.003428682331257785,-0.6155412272076013,0,0
697,1,1,1,0.8357907173547198,0.2728663682937622,0.0035417472023096227,-0.6607557075109391,0,0
698,1,1,1,0.8355604674074895,0.27231189608573914,0.0038116440951790316,-0.6868100143850246,0,0
699,1,1,1,0.8354309641399783,0.27416300773620605,0.0038695710580003958,-0.5998274203043972,0,0
700,1,1,1,0.835584945378444,0.27729520201683044,0.003643648316118406,-0.4526475440260034,0,0
701,1,1,1,0.835102138562005,0.26940739154815674,0.004081589031141389,-0.8232908901518348,0,0
702,1,1,1,0.8348295871239155,0.26916494965553284,0.004181995771052158,-0.8346830850682919,0,0
703,1,1,1,0.8350227055784614,0.27117064595222473,0.0038061572456128375,-0.7404366538602319,0,0
704,1,1,1,0.8346266942076057,0.27133673429489136,0.004100103976089256,-0.7326322651362718,0,0
