frame,label,valid,inference_valid,phase,feature_raw,time_raw,score,alarm,evidence_type
8,0,0,0,0.9717541251576568,0.5048698782920837,nan,nan,0,0
9,0,0,0,0.9717541251576568,0.5159615278244019,nan,nan,0,0
10,0,0,0,0.9717541251576568,0.5063326954841614,nan,nan,0,0
11,0,0,0,0.9717541251576568,0.5029232501983643,nan,nan,0,0
12,0,0,0,0.9717541251576568,0.5028219819068909,0.0035919540229885057,-0.3412447436066416,0,0
13,0,0,0,0.9717541251576568,0.5117756128311157,0.0035919540229885057,-0.12349467393972338,0,0
14,0,0,0,0.9717541251576568,0.5012584328651428,0.0035919540229885057,-0.3792698661127667,0,0
15,0,0,0,0.9717541251576568,0.5066795349121094,0.0035919540229885057,-0.24743001718570867,0,0
16,0,0,0,0.9717541251576568,0.5006453990936279,0.0035919540229885057,-0.39417869445126535,0,0
17,0,0,0,0.9717541251576568,0.5166091322898865,0.0035919540229885057,-0.005944686924276423,0,0
18,0,0,0,0.9717541251576568,0.49860063195228577,0.0035919540229885057,-0.4439069210498425,0,0
19,0,1,1,0.9717541251576568,0.5189493298530579,0.0035919540229885057,0.05096833380748191,0,0
20,0,1,1,0.9717541251576568,0.5040061473846436,0.0035919540229885057,-0.31244613470037486,0,0
21,0,1,1,0.9717541251576568,0.5139533877372742,0.0035919540229885057,-0.07053173169337185,0,0
22,0,1,1,0.9717541251576568,0.5117778778076172,0.0035919540229885057,-0.12343959027644065,0,0
23,0,1,1,0.9717541251576568,0.5001254677772522,0.0035919540229885057,-0.4068232943148263,0,0
24,0,1,1,0.975258555669423,0.5063451528549194,0.0014367816091954023,-1077.841769001922,0,0
25,0,1,1,0.9752310061712726,0.5127997994422913,0.0012928395349267692,-1149.6558307420137,0,0
26,0,1,1,0.9717541251576568,0.4978507161140442,0.005337281904333993,872.2017959856521,0,0
27,0,1,1,0.9717541251576568,0.5014975666999817,0.005337281904333993,872.2904864818177,0,0
28,0,1,1,0.9717541251576568,0.5131682753562927,0.005337281904333993,872.5743152038725,0,0
29,0,1,1,0.9717541251576568,0.5010942816734314,0.004461174276392446,434.2268647198396,0,0
30,0,1,1,0.9717541251576568,0.5096274018287659,0.0035919540229885057,-0.17573862942322657,0,0
31,0,1,1,0.9717541251576568,0.5096002221107483,0.0035919540229885057,-0.1763996333826194,0,0
32,0,1,1,0.9717541251576568,0.498710036277771,0.0035919540229885057,-0.44124623515627764,0,0
33,0,1,1,0.9717541251576568,0.502021312713623,0.0035919540229885057,-0.3607168185770891,0,0
34,0,1,1,0.9717541251576568,0.517278254032135,0.0035919540229885057,0.010328186865513171,0,0
35,0,1,1,0.9717541251576568,0.510228157043457,0.0035919540229885057,-0.1611284125225238,0,0
36,0,1,1,0.9717541251576568,0.5035771131515503,0.0035919540229885057,-0.32288014018219435,0,0
37,0,1,1,0.9717541251576568,0.5176683664321899,0.0035919540229885057,0.01981562308092141,0,0
38,0,1,1,0.9717541251576568,0.5015192031860352,0.0035919540229885057,-0.37292799698482,0,0
39,0,1,1,0.9717541251576568,0.5008737444877625,0.0035919540229885057,-0.38862539145031366,0,0
40,0,1,1,0.9717541251576568,0.5067449808120728,0.0035919540229885057,-0.24583838923085485,0,0
41,0,1,1,0.9717541251576568,0.5130107402801514,0.0035919540229885057,-0.09345668260959511,0,0
42,0,1,1,0.9717541251576568,0.5120925307273865,0.0035919540229885057,-0.11578730979039938,0,0
43,0,1,1,0.9717541251576568,0.5127341747283936,0.0035919540229885057,-0.10018268781043457,0,0
44,0,1,1,0.9717541251576568,0.5045628547668457,0.0035919540229885057,-0.2989071500935127,0,0
45,0,1,1,0.9717541251576568,0.5054805874824524,0.0035919540229885057,-0.27658811947339956,0,0
46,0,1,1,0.9717541251576568,0.5085729360580444,0.0035919540229885057,-0.20138297382151338,0,0
47,0,1,1,0.9717541251576568,0.5075023174285889,0.0035919540229885057,-0.22742015171321128,0,0
48,0,1,1,0.9717541251576568,0.5037068724632263,0.0035919540229885057,-0.3197244261041281,0,0
49,0,1,1,0.9717541251576568,0.5029717087745667,0.0035919540229885057,-0.3376034235496354,0,0
50,0,1,1,0.9717541251576568,0.5054042935371399,0.0035919540229885057,-0.27844356918397595,0,0
51,0,1,1,0.9717541251576568,0.5081840753555298,0.0035919540229885057,-0.2108399690651075,0,0
52,0,1,1,0.9717541251576568,0.5061783790588379,0.0035919540229885057,-0.2596180024720574,0,0
53,0,1,1,0.9717541251576568,0.5100573301315308,0.0035919540229885057,-0.16528288039011127,0,0
54,0,1,1,0.9717541251576568,0.5053602457046509,0.0035919540229885057,-0.27951480147781654,0,0
55,0,1,1,0.9717541251576568,0.514701783657074,0.0035919540229885057,-0.05233092968868645,0,0
56,0,1,1,0.9717541251576568,0.5009027719497681,0.0035919540229885057,-0.3879194508182428,0,0
57,0,1,1,0.9717541251576568,0.5218611359596252,0.0035919540229885057,0.12178273166769937,0,0
58,0,1,1,0.9717541251576568,0.5021722912788391,0.0035919540229885057,-0.35704505754826876,0,0
59,0,1,1,0.9717541251576568,0.4919349253177643,0.0035919540229885057,-0.6060152429507645,0,0
60,0,1,1,0.9717541251576568,0.5097476243972778,0.0035919540229885057,-0.17281484655898235,0,0
61,0,1,1,0.9717541251576568,0.5169225335121155,0.0035919540229885057,0.0016771525899507002,0,0
62,0,1,1,0.9717541251576568,0.49615442752838135,0.0035919540229885057,-0.5033980021802416,0,0
63,0,1,1,0.9717541251576568,0.49878695607185364,0.0035919540229885057,-0.4393755649597942,0,0
64,0,1,1,0.9717541251576568,0.5141863822937012,0.0035919540229885057,-0.06486536222568189,0,0
65,0,1,1,0.9717541251576568,0.5020551681518555,0.0035919540229885057,-0.3598934627680208,0,0
66,0,1,1,0.9717541251576568,0.5003854632377625,0.0035919540229885057,-0.4005002695980026,0,0
67,0,1,1,0.9717541251576568,0.5022434592247009,0.0035919540229885057,-0.3553142708651217,0,0
68,0,1,1,0.9717541251576568,0.49865788221359253,0.0035919540229885057,-0.442514608981867,0,0
69,0,1,1,0.9717541251576568,0.4960595369338989,0.0035919540229885057,-0.505705717757771,0,0
70,0,1,1,0.9717541251576568,0.504356324672699,0.0035919540229885057,-0.30392991044284645,0,0
71,0,1,1,0.9717541251576568,0.5034050941467285,0.0035919540229885057,-0.3270635994515096,0,0
72,0,1,1,0.9717541251576568,0.5025025606155396,0.0035919540229885057,-0.3490129896995939,0,0
73,0,1,1,0.9717541251576568,0.5042949914932251,0.0035919540229885057,-0.30542151806173956,0,0
74,0,1,1,0.9717541251576568,0.5073755979537964,0.0035919540229885057,-0.23050193771687177,0,0
75,0,1,1,0.9717541251576568,0.5124108791351318,0.0035919540229885057,-0.10804515595900208,0,0
76,0,1,1,0.9717541251576568,0.5212826132774353,0.0035919540229885057,0.10771320440921926,0,0
77,0,1,1,0.9717541251576568,0.5031377077102661,0.0035919540229885057,-0.33356637085904534,0,0
78,0,1,1,0.9717541251576568,0.5050567388534546,0.0035919540229885057,-0.2868960123577033,0,0
79,0,1,1,0.9717541251576568,0.5215345025062561,0.0035919540229885057,0.11383908759429416,0,0
80,0,1,1,0.9717541251576568,0.5101430416107178,0.0035919540229885057,-0.1631983986058856,0,0
81,0,1,1,0.9717541251576568,0.5013039708137512,0.0035919540229885057,-0.3781623945667664,0,0
82,0,1,1,0.9717541251576568,0.49567651748657227,0.0035919540229885057,-0.5150206551328991,0,0
83,0,1,1,0.9717541251576568,0.5220942497253418,0.0035919540229885057,0.1274520002755621,0,0
84,0,1,1,0.9717541251576568,0.5065863132476807,0.0035919540229885057,-0.2496971448008192,0,0
85,0,1,1,0.9717541251576568,0.5230777263641357,0.0035919540229885057,0.15136990670096104,0,0
86,0,1,1,0.9717541251576568,0.514851987361908,0.0035919540229885057,-0.048678013070989165,0,0
87,0,1,1,0.9717541251576568,0.49829667806625366,0.0035919540229885057,-0.4512990037053772,0,0
88,0,1,1,0.9717541251576568,0.5004993677139282,0.0035919540229885057,-0.3977301411629155,0,0
89,0,1,1,0.9717541251576568,0.5077165961265564,0.0035919540229885057,-0.2222089472526471,0,0
90,0,1,1,0.9717541251576568,0.5032538175582886,0.0035919540229885057,-0.33074260833076186,0,0
91,0,1,1,0.9717541251576568,0.5094299912452698,0.0035919540229885057,-0.180539605549343,0,0
92,0,1,1,0.9717541251576568,0.5181345343589783,0.0035919540229885057,0.0311527107265605,0,0
93,0,1,1,0.9717541251576568,0.49920013546943665,0.0035919540229885057,-0.4293271451209539,0,0
94,0,1,1,0.9717541251576568,0.5182175636291504,0.0035919540229885057,0.033171961856898725,0,0
95,1,1,1,0.9717541251576568,0.5144093036651611,0.0035919540229885057,-0.059443970102591455,0,0
96,1,1,1,0.9717541251576568,0.5088131427764893,0.0035919540229885057,-0.1955412063733705,0,0
97,1,1,1,0.9717541251576568,0.5248957276344299,0.0035919540229885057,0.19558324390587575,0,0
98,1,1,1,0.9717541251576568,0.5168649554252625,0.0035919540229885057,0.0002768678865000724,0,0
99,1,1,1,0.9717541251576568,0.518115222454071,0.0035919540229885057,0.03068305001857085,0,0
100,1,1,1,0.9717541251576568,0.5108476281166077,0.0035919540229885057,-0.14606303061469525,0,0
101,1,1,1,0.9717541251576568,0.5157472491264343,0.0035919540229885057,-0.026905470373444207,0,0
102,1,1,1,0.9717541251576568,0.5146350264549255,0.0035919540229885057,-0.05395444818544081,0,0
103,1,1,1,0.9717541251576568,0.5125532746315002,0.0035919540229885057,-0.10458213302262158,0,0
104,1,1,1,0.9717541251576568,0.4983662962913513,0.0035919540229885057,-0.4496059058444762,0,0
105,1,1,1,0.9717541251576568,0.5067898035049438,0.0035919540229885057,-0.24474831252589122,0,0
106,1,1,1,0.9717541251576568,0.5111040472984314,0.0035919540229885057,-0.1398269801030549,0,0
107,1,1,1,0.9717541251576568,0.5069683194160461,0.0035919540229885057,-0.2404068501171597,0,0
108,1,1,1,0.9717541251576568,0.508459210395813,0.0035919540229885057,-0.20414875354634132,0,0
109,1,1,1,0.9717541251576568,0.5071557760238647,0.0035919540229885057,-0.23584795219547003,0,0
110,1,1,1,0.9717541251576568,0.507698118686676,0.0035919540229885057,-0.2226583139794273,0,0
111,1,1,1,0.9717541251576568,0.5062238574028015,0.0035919540229885057,-0.2585119804961435,0,0
112,1,1,1,0.9717541251576568,0.5242133736610413,0.0035919540229885057,0.17898856555690806,0,0
113,1,1,1,0.9717541251576568,0.5091097354888916,0.0035919540229885057,-0.18832814562350472,0,0
114,1,1,1,0.9717541251576568,0.5044676065444946,0.0035919540229885057,-0.30122356309156045,0,0
115,1,1,1,0.9717541251576568,0.5022587180137634,0.0035919540229885057,-0.3549431809230064,0,0
116,1,1,1,0.9717541251576568,0.5122305154800415,0.0035919540229885057,-0.1124315550404116,0,0
117,1,1,1,0.9717541251576568,0.5097697377204895,0.0035919540229885057,-0.17227705605693247,0,0
118,1,1,1,0.9717541251576568,0.5096589922904968,0.0035919540229885057,-0.17497035727744104,0,0
119,1,1,1,0.9717541251576568,0.5148844718933105,0.0035919540229885057,-0.04788799737390781,0,0
120,1,1,1,0.9717541251576568,0.505648136138916,0.0035919540229885057,-0.2725133779605634,0,0
121,1,1,1,0.9717541251576568,0.5231073498725891,0.0035919540229885057,0.1520903430338958,0,0
122,1,1,1,0.9717541251576568,0.5080921053886414,0.0035919540229885057,-0.21307665570840387,0,0
123,1,1,1,0.9717541251576568,0.512121319770813,0.0035919540229885057,-0.11508716743867407,0,0
124,1,1,1,0.9717541251576568,0.5159211754798889,0.0035919540229885057,-0.02267562486136457,0,0
125,1,1,1,0.9717541251576568,0.5094141960144043,0.0035919540229885057,-0.1809237416222358,0,0
126,1,1,1,0.9717541251576568,0.5013711452484131,0.0035919540229885057,-0.3765287290794073,0,0
127,1,1,1,0.9717541251576568,0.5020076036453247,0.0035919540229885057,-0.3610502196969583,0,0
128,1,1,1,0.9717541251576568,0.49797365069389343,0.0035919540229885057,-0.4591549487885559,0,0
129,1,1,1,0.9717541251576568,0.5070191025733948,0.0035919540229885057,-0.23917181640355728,0,0
130,1,1,1,0.9717541251576568,0.5033387541770935,0.0035919540229885057,-0.32867697095765924,0,0
131,1,1,1,0.9717541251576568,0.5131310820579529,0.0035919540229885057,-0.09053000060517812,0,0
132,1,1,1,0.9717541251576568,0.5008233785629272,0.0035919540229885057,-0.38985027817331136,0,0
133,1,1,1,0.9717541251576568,0.511982798576355,0.0035919540229885057,-0.11845596831943934,0,0
134,1,1,1,0.9717541251576568,0.5073964595794678,0.0035919540229885057,-0.22999458818663604,0,0
135,1,1,1,0.9717541251576568,0.5117518901824951,0.0035919540229885057,-0.12407160283410573,0,0
136,1,1,1,0.9717541251576568,0.508618175983429,0.0035919540229885057,-0.20028275012594504,0,0
137,1,1,1,0.9717541251576568,0.5138494372367859,0.0035919540229885057,-0.07305978192403219,0,0
138,1,1,1,0.9717541251576568,0.5092491507530212,0.0035919540229885057,-0.18493760119144365,0,0
139,1,1,1,0.9717541251576568,0.5130757093429565,0.0035919540229885057,-0.0918766512154324,0,0
140,1,1,1,0.9717541251576568,0.5102933049201965,0.0035919540229885057,-0.15954403241810192,0,0
141,1,1,1,0.9717541251576568,0.5052002668380737,0.0035919540229885057,-0.28340544758968145,0,0
142,1,1,1,0.9717541251576568,0.5112025141716003,0.0035919540229885057,-0.1374322903203422,0,0
143,1,1,1,0.9717541251576568,0.5157462954521179,0.0035919540229885057,-0.02692866349482641,0,0
144,1,1,1,0.9717541251576568,0.5173347592353821,0.0035919540229885057,0.01170237930740882,0,0
145,1,1,1,0.9717541251576568,0.5058896541595459,0.0035919540229885057,-0.26663971997052,0,0
146,1,1,1,0.9717541251576568,0.510326623916626,0.0035919540229885057,-0.15873372273981112,0,0
147,1,1,1,0.9717541251576568,0.5083354115486145,0.0035919540229885057,-0.20715951061576882,0,0
148,1,1,1,0.9717541251576568,0.5065877437591553,0.0035919540229885057,-0.2496623551187459,0,0
149,1,1,1,0.9717541251576568,0.5119420289993286,0.0035919540229885057,-0.11944747425852861,0,0
150,1,1,1,0.9717541251576568,0.5118610858917236,0.0035919540229885057,-0.12141599043584327,0,0
151,1,1,1,0.9717541251576568,0.5141118764877319,0.0035919540229885057,-0.06667732483366665,0,0
152,1,1,1,0.9717541251576568,0.495755672454834,0.0035919540229885057,-0.513095626058176,0,0
153,1,1,1,0.9717541251576568,0.5164235234260559,0.0035919540229885057,-0.010458648173288074,0,0
154,1,1,1,0.9717541251576568,0.49767857789993286,0.0035919540229885057,-0.4663310455012188,0,0
155,1,1,1,0.9717541251576568,0.5145207047462463,0.0035919540229885057,-0.05673472361113263,0,0
156,1,1,1,0.9717541251576568,0.5115405917167664,0.0035919540229885057,-0.12921032879035055,0,0
157,1,1,1,0.9717541251576568,0.5059881806373596,0.0035919540229885057,-0.2642435806177209,0,0
158,1,1,1,0.9717541251576568,0.4971897602081299,0.0035919540229885057,-0.47821896977968525,0,0
159,1,1,1,0.9717541251576568,0.5282228589057922,0.0035919540229885057,0.27649824612804347,0,0
160,1,1,1,0.9717541251576568,0.5096667408943176,0.0035919540229885057,-0.1747819131662106,0,0
161,1,1,1,0.9717541251576568,0.5131675601005554,0.0035919540229885057,-0.08964286371230877,0,0
162,1,1,1,0.9717541251576568,0.5177178978919983,0.0035919540229885057,0.021020215822709683,0,0
163,1,1,1,0.9717541251576568,0.5138949155807495,0.0035919540229885057,-0.07195375994811828,0,0
164,1,1,1,0.9717541251576568,0.5066103339195251,0.0035919540229885057,-0.2491129680560049,0,0
165,1,1,1,0.9717541251576568,0.5114177465438843,0.0035919540229885057,-0.13219789273839583,0,0
166,1,1,1,0.9717541251576568,0.5214306116104126,0.0035919540229885057,0.1113124869337202,0,0
167,1,1,1,0.9717541251576568,0.511310338973999,0.0035919540229885057,-0.13481001803406667,0,0
168,1,1,1,0.9717541251576568,0.5061736702919006,0.0035919540229885057,-0.259732518508882,0,0
169,1,1,1,0.9717541251576568,0.5088045597076416,0.0035919540229885057,-0.19574994446581034,0,0
170,1,1,1,0.9717541251576568,0.5102917551994324,0.0035919540229885057,-0.159581721240348,0,0
171,1,1,1,0.9717541251576568,0.5172044634819031,0.0035919540229885057,0.008533619098565058,0,0
172,1,1,1,0.9717541251576568,0.5065667629241943,0.0035919540229885057,-0.2501726037891544,0,0
173,1,1,1,0.9717541251576568,0.5082805156707764,0.0035919540229885057,-0.208494564665332,0,0
174,1,1,1,0.9717541251576568,0.5120635032653809,0.0035919540229885057,-0.11649325042247025,0,0
175,1,1,1,0.9717541251576568,0.5039493441581726,0.0035919540229885057,-0.3138275749927025,0,0
176,1,1,1,0.9717541251576568,0.5138098001480103,0.0035919540229885057,-0.07402374603148008,0,0
177,1,1,1,0.9717541251576568,0.5064411759376526,0.0035919540229885057,-0.2532268479611735,0,0
178,1,1,1,0.9717541251576568,0.5094977617263794,0.0035919540229885057,-0.17889144436112006,0,0
179,1,1,1,0.9717541251576568,0.519528865814209,0.0035919540229885057,0.06506250375743063,0,0
180,1,1,1,0.9717541251576568,0.5115305185317993,0.0035919540229885057,-0.12945530613495007,0,0
181,1,1,1,0.9717541251576568,0.5132763385772705,0.0035919540229885057,-0.08699739830465102,0,0
182,1,1,1,0.9717541251576568,0.5131109356880188,0.0035919540229885057,-0.0910199552943772,0,0
183,1,1,1,0.9717541251576568,0.5195685029029846,0.0035919540229885057,0.06602646786487852,0,0
184,1,1,1,0.9717541251576568,0.5091735124588013,0.0035919540229885057,-0.18677710563106978,0,0
185,1,1,1,0.9717541251576568,0.5085373520851135,0.0035919540229885057,-0.20224836716308692,0,0
186,1,1,1,0.9717541251576568,0.5115824341773987,0.0035919540229885057,-0.1281927305897063,0,0
187,1,1,1,0.9717541251576568,0.5163200497627258,0.0035919540229885057,-0.01297510184325732,0,0
188,1,1,1,0.9717541251576568,0.5065049529075623,0.0035919540229885057,-0.25167580796873856,0,0
189,1,1,1,0.9717541251576568,0.5089204907417297,0.0035919540229885057,-0.19293053064778604,0,0
190,1,1,1,0.9717541251576568,0.5271174907684326,0.0035919540229885057,0.2496159688759815,0,0
191,1,1,1,0.9717541251576568,0.5010086894035339,0.0035919540229885057,-0.38534356477473164,0,0
192,1,1,1,0.9717541251576568,0.5044143795967102,0.0035919540229885057,-0.30251802917870474,0,0
193,1,1,1,0.9717541251576568,0.5080920457839966,0.0035919540229885057,-0.21307810527849028,0,0
194,1,1,1,0.9717541251576568,0.5249889492988586,0.0035919540229885057,0.19785037152098628,0,0
195,1,1,1,0.9717541251576568,0.518710196018219,0.0035919540229885057,0.045152658620894,0,0
196,1,1,1,0.9717541251576568,0.49731504917144775,0.0035919540229885057,-0.47517197345809803,0,0
197,1,1,1,0.9717541251576568,0.5044662356376648,0.0035919540229885057,-0.30125690320354737,0,0
198,1,1,1,0.9717541251576568,0.5089197158813477,0.0035919540229885057,-0.19294937505890908,0,0
199,1,1,1,0.9717541251576568,0.5146194696426392,0.0035919540229885057,-0.054332785977988025,0,0
200,1,1,1,0.9717541251576568,0.5097429156303406,0.0035919540229885057,-0.172929362595807,0,0
201,1,1,1,0.9717541251576568,0.5118464231491089,0.0035919540229885057,-0.12177258467709466,0,0
202,1,1,1,0.9717541251576568,0.5109153985977173,0.0035919540229885057,-0.1444148694264723,0,0
203,1,1,1,0.9717541251576568,0.5108776092529297,0.0035919540229885057,-0.14533389686124218,0,0
204,1,1,1,0.9717541251576568,0.5183680057525635,0.0035919540229885057,0.03683067675494157,0,0
205,1,1,1,0.9717541251576568,0.5096700191497803,0.0035919540229885057,-0.1747021868114593,0,0
206,0,1,1,0.9717541251576568,0.5073338747024536,0.0035919540229885057,-0.23151663677734324,0,0
207,0,1,1,0.9717541251576568,0.5233458280563354,0.0035919540229885057,0.15789007294953342,0,0
208,0,1,1,0.9717541251576568,0.5102064609527588,0.0035919540229885057,-0.16165605603396896,0,0
209,0,1,1,0.9717541251576568,0.5182627439498901,0.0035919540229885057,0.03427073598238069,0,0
210,0,1,1,0.9717541251576568,0.5026895999908447,0.0035919540229885057,-0.3444642387685089,0,0
211,0,1,1,0.9717541251576568,0.5116903185844421,0.0035919540229885057,-0.12556900873334434,0,0
212,0,1,1,0.9717541251576568,0.507514238357544,0.0035919540229885057,-0.22713023769593374,0,0
213,0,1,1,0.9717541251576568,0.5070945024490356,0.0035919540229885057,-0.2373381102442767,0,0
214,0,1,1,0.9717541251576568,0.5069147348403931,0.0035919540229885057,-0.24171001362482236,0,0
215,0,1,1,0.9717541251576568,0.5212478637695312,0.0035919540229885057,0.10686810504885516,0,0
216,0,1,1,0.9717541251576568,0.510017454624176,0.0035919540229885057,-0.16625264277790472,0,0
217,0,1,1,0.9717541251576568,0.5197349190711975,0.0035919540229885057,0.07007366754607329,0,0
218,0,1,1,0.9717541251576568,0.5072773694992065,0.0035919540229885057,-0.2328908292192389,0,0
219,0,1,1,0.9717541251576568,0.5221925973892212,0.0035919540229885057,0.129843790918102,0,0
220,0,1,1,0.9717541251576568,0.506735622882843,0.0035919540229885057,-0.24606597173441774,0,0
221,0,1,1,0.9717541251576568,0.5183670520782471,0.0035919540229885057,0.03680748363355936,0,0
222,0,1,1,0.9717541251576568,0.5107543468475342,0.0035919540229885057,-0.14833160779989218,0,0
223,0,1,1,0.9717541251576568,0.514879584312439,0.0035919540229885057,-0.04800686212099161,0,0
224,0,1,1,0.9717541251576568,0.5109333395957947,0.0035919540229885057,-0.14397854883046957,0,0
225,0,1,1,0.9717541251576568,0.5319333672523499,0.0035919540229885057,0.3667368831458577,0,0
226,0,1,1,0.9717541251576568,0.518412709236145,0.0035919540229885057,0.03791785431973243,0,0
227,0,1,1,0.9717541251576568,0.5065920352935791,0.0035919540229885057,-0.24955798607252597,0,0
228,0,1,1,0.9717541251576568,0.5134392380714417,0.0035919540229885057,-0.08303572325855313,0,0
229,0,1,1,0.9717541251576568,0.5184890627861023,0.0035919540229885057,0.039774753600395216,0,0
230,0,1,1,0.9717541251576568,0.5042846202850342,0.0035919540229885057,-0.305673743256771,0,0
231,0,1,1,0.9717541251576568,0.5207849144935608,0.0035919540229885057,0.09560929418788101,0,0
232,0,1,1,0.9717541251576568,0.5085253119468689,0.0035919540229885057,-0.20254118032053725,0,0
233,0,1,1,0.9717541251576568,0.5168243646621704,0.0035919540229885057,-0.0007102893423300286,0,0
234,0,1,1,0.9717541251576568,0.5071444511413574,0.0035919540229885057,-0.23612337051188373,0,0
235,0,1,1,0.9717541251576568,0.5124168395996094,0.0035919540229885057,-0.10790019895036329,0,0
236,0,1,1,0.9717541251576568,0.5219805836677551,0.0035919540229885057,0.12468767012082056,0,0
237,0,1,1,0.9717541251576568,0.5310134291648865,0.0035919540229885057,0.34436421843254816,0,0
238,0,1,1,0.9717541251576568,0.5160090923309326,0.0035919540229885057,-0.02053750898394254,0,0
239,0,1,1,0.9717541251576568,0.5231385231018066,0.0035919540229885057,0.1528484681890766,0,0
240,0,1,1,0.9717541251576568,0.5167033672332764,0.0035919540229885057,-0.00365291661769729,0,0
241,0,1,1,0.9717541251576568,0.5344852805137634,0.0035919540229885057,0.4287987768244655,0,0
242,0,1,1,0.9717541251576568,0.522447407245636,0.0035919540229885057,0.13604070303740992,0,0
243,0,1,1,0.9717541251576568,0.5206536650657654,0.0035919540229885057,0.09241734085765506,0,0
244,0,1,1,0.9717541251576568,0.5177872180938721,0.0035919540229885057,0.02270606583317871,0,0
245,0,1,1,0.9717541251576568,0.5235381722450256,0.0035919540229885057,0.1625678356183069,0,0
246,0,1,1,0.9717541251576568,0.5245081782341003,0.0035919540229885057,0.18615813920418217,0,0
247,0,1,1,0.9717541251576568,0.5103088021278381,0.0035919540229885057,-0.1591671441956411,0,0
248,0,1,1,0.9717541251576568,0.5184537768363953,0.0035919540229885057,0.03891660810925363,0,0
249,0,1,1,0.9717541251576568,0.5177815556526184,0.0035919540229885057,0.022568356674971868,0,0
250,0,1,1,0.9717541251576568,0.5213941931724548,0.0035919540229885057,0.11042679961093725,0,0
251,0,1,1,0.9717541251576568,0.5198498964309692,0.0035919540229885057,0.07286988824271538,0,0
252,0,1,1,0.9717541251576568,0.5273797512054443,0.0035919540229885057,0.25599407725608786,0,0
253,0,1,1,0.9717541251576568,0.5347453951835632,0.0035919540229885057,0.4351247006814619,0,0
254,0,1,1,0.9717541251576568,0.5245118141174316,0.0035919540229885057,0.18624656297945183,0,0
255,0,1,1,0.9717541251576568,0.5248417854309082,0.0035919540229885057,0.19427138297769478,0,0
256,0,1,1,0.9717541251576568,0.5278716683387756,0.0035919540229885057,0.2679573791790465,0,0
257,0,1,1,0.9717541251576568,0.5085183382034302,0.0035919540229885057,-0.20271078002064463,0,0
258,0,1,1,0.9717541251576568,0.5156514644622803,0.0035919540229885057,-0.029234929502269424,0,0
259,0,1,1,0.9717541251576568,0.5185977220535278,0.0035919540229885057,0.0424173198678802,0,0
260,0,1,1,0.9717541251576568,0.5052098035812378,0.0035919540229885057,-0.28317351637585936,0,0
261,0,1,1,0.9717541251576568,0.52601158618927,0.0035919540229885057,0.222720645493142,0,0
262,0,1,1,0.9717541251576568,0.515413224697113,0.0035919540229885057,-0.03502886113756151,0,0
263,0,1,1,0.9717541251576568,0.5099332332611084,0.0035919540229885057,-0.1683008853099707,0,0
264,0,1,1,0.9717541251576568,0.5177239179611206,0.0035919540229885057,0.021166622401434854,0,0
265,0,1,1,0.9717541251576568,0.5091428160667419,0.0035919540229885057,-0.1875236342255595,0,0
266,0,1,1,0.9717541251576568,0.5060579776763916,0.0035919540229885057,-0.2625461340465608,0,0
267,0,1,1,0.9717541251576568,0.5078026056289673,0.0035919540229885057,-0.2201172176179895,0,0
268,0,1,1,0.9717541251576568,0.506796658039093,0.0035919540229885057,-0.24458161196595662,0,0
269,0,1,1,0.9717541251576568,0.5115572214126587,0.0035919540229885057,-0.12880589873624834,0,0
270,0,1,1,0.9717541251576568,0.5054532885551453,0.0035919540229885057,-0.27725202257296516,0,0
271,0,1,1,0.9717541251576568,0.5169682502746582,0.0035919540229885057,0.0027889728462101534,0,0
272,0,1,1,0.9717541251576568,0.5140801668167114,0.0035919540229885057,-0.06744849611962496,0,0
273,0,1,1,0.9717541251576568,0.5021219849586487,0.0035919540229885057,-0.35826849470118005,0,0
274,0,1,1,0.9717541251576568,0.5111311078071594,0.0035919540229885057,-0.13916887528383481,0,0
275,0,1,1,0.9717541251576568,0.5260233283042908,0.0035919540229885057,0.2230062108001604,0,0
276,0,1,1,0.9717541251576568,0.5077205300331116,0.0035919540229885057,-0.2221132756269455,0,0
277,0,1,1,0.9717541251576568,0.5218762755393982,0.0035919540229885057,0.12215092246964189,0,0
278,0,1,1,0.9717541251576568,0.5094116926193237,0.0035919540229885057,-0.18098462356586406,0,0
279,0,1,1,0.9717541251576568,0.5223822593688965,0.0035919540229885057,0.13445632293298804,0,0
280,0,1,1,0.9717541251576568,0.5168566107749939,0.0035919540229885057,7.39280744057785e-05,0,0
281,0,1,1,0.9717541251576568,0.5173933506011963,0.0035919540229885057,0.01312730670232804,0,0
282,0,1,1,0.9717541251576568,0.5056372284889221,0.0035919540229885057,-0.27277864928637235,0,0
283,0,1,1,0.9717541251576568,0.4988042414188385,0.0035919540229885057,-0.4389551896347417,0,0
284,0,1,1,0.9717541251576568,0.5068767666816711,0.0035919540229885057,-0.24263338976985138,0,0
285,0,1,1,0.9717541251576568,0.50710529088974,0.0035919540229885057,-0.23707573805864052,0,0
286,0,1,1,0.9717541251576568,0.5117225646972656,0.0035919540229885057,-0.12478479131660854,0,0
287,0,1,1,0.9717541251576568,0.5038579106330872,0.0035919540229885057,-0.31605121550522136,0,0
288,0,1,1,0.9717541251576568,0.516995906829834,0.0035919540229885057,0.0034615733662940987,0,0
289,0,1,1,0.9717541251576568,0.4993746280670166,0.0035919540229885057,-0.42508352869305355,0,0
290,0,1,1,0.9717541251576568,0.505713164806366,0.0035919540229885057,-0.2709318969963143,0,0
291,0,1,1,0.9717541251576568,0.5001741647720337,0.0035919540229885057,-0.40563899555424743,0,0
292,0,1,1,0.9717541251576568,0.5025144219398499,0.0035919540229885057,-0.3487245252524027,0,0
293,0,1,1,0.9717541251576568,0.4974105656147003,0.0035919540229885057,-0.47284903739466155,0,0
294,0,1,1,0.9717541251576568,0.5123408436775208,0.0035919540229885057,-0.10974840081050775,0,0
295,0,1,1,0.9717541251576568,0.5208736062049866,0.0035919540229885057,0.09776625447642609,0,0
296,0,1,1,0.9717541251576568,0.5049410462379456,0.0035919540229885057,-0.289709627895382,0,0
297,0,1,1,0.9717541251576568,0.5100303888320923,0.0035919540229885057,-0.16593808606915858,0,0
298,0,1,1,0.9717541251576568,0.5119093656539917,0.0035919540229885057,-0.12024183866586913,0,0
299,0,1,1,0.9717541251576568,0.5107584595680237,0.0035919540229885057,-0.14823158746393142,0,0
300,0,1,1,0.9717541251576568,0.5138357877731323,0.0035919540229885057,-0.073391733473815,0,0
301,0,1,1,0.9717541251576568,0.5249437689781189,0.0035919540229885057,0.19675159739550432,0,0
302,0,1,1,0.9717541251576568,0.5152011513710022,0.0035919540229885057,-0.04018643150492936,0,0
303,0,1,1,0.476503760767219,0.6094953417778015,0.49884231841342636,247627.4352199667,0,2
304,0,1,1,0.47687868704202097,0.6226075887680054,0.3746548010410149,185533.99542033553,0,2
305,0,1,1,0.47688274452798046,0.636967122554779,0.2509318840261464,123672.8861331795,0,0
306,0,1,1,0.4767868102184925,0.6222286224365234,0.1273099731782153,61861.57227256912,0,0
307,0,1,1,0.47715010059927115,0.649811863899231,0.0032048540626455875,-190.31646766685637,0,0
308,0,1,1,0.47698271062778397,0.6602805256843567,0.0035338289921457823,-25.574407674636255,0,0
309,0,1,1,0.4771852719986367,0.6970570683479309,0.0033572735177337916,-112.95774854076963,0,0
310,0,1,1,0.47713254899294294,0.6653847694396973,0.003485628391091633,-49.550574267363004,0,0
311,0,1,1,0.4768436858539952,0.687899112701416,0.00386092622365197,138.6458852223965,0,0
312,0,1,1,0.47639561123363466,0.6582026481628418,0.004232397157693549,323.6591416364655,0,0
313,0,1,1,0.4761656731065467,0.682861328125,0.004315560436244159,365.84047385478965,0,0
314,0,1,1,0.4754203112322351,0.6586636900901794,0.00480602258753329,610.4830689809545,0,0
315,0,1,1,0.4753147902011004,0.6644638776779175,0.004483484178491035,449.35492357450306,0,0
316,0,1,1,0.47497696658182104,0.6391310691833496,0.004439083884546694,426.5386890216365,0,0
317,0,1,1,0.4762313070967397,0.6525408625602722,0.002830082206674603,-377.6360270859434,0,0
318,0,1,1,0.47504375909342766,0.6466159224510193,0.004034038707534893,224.19813027933426,0,0
319,0,1,1,0.4765887702350278,0.634259045124054,0.002449004297435279,-568.619590943362,0,0
320,0,1,1,0.4756092024432382,0.5936339497566223,0.0036929523315043762,52.36643390998669,0,0
321,0,1,1,0.47639561123363466,0.5904574990272522,0.0030646025064622025,-261.8857291001439,0,0
322,0,1,1,0.47469332351112864,0.5947855114936829,0.004807966263191949,609.9014054478419,0,0
323,0,1,1,0.47619523449768564,0.5899055600166321,0.0032510110697409923,-168.69487047974903,0,0
324,0,1,1,0.47591931427648326,0.5840292572975159,0.0033959826679269946,-96.35198160242467,0,0
325,1,1,1,0.47555796268785805,0.584281861782074,0.0038348622148635077,123.093935143858,0,0
326,1,1,1,0.4749998248906936,0.5824088454246521,0.0041835878755838276,297.4112142136233,0,0
327,1,1,1,0.4739175314414619,0.6024107933044434,0.005342506669706715,877.3570536559467,0,0
328,1,1,1,0.47315338820406494,0.6140488982200623,0.005537224143047773,974.9988261336933,0,0
329,1,1,1,0.47162816835402854,0.6127040982246399,0.006370962474979589,1391.8352868993122,0,0
330,1,1,1,0.47121809205974113,0.6315482258796692,0.005798590185809621,1106.1074267962802,0,0
331,1,1,1,0.47300330744252944,0.6833432912826538,0.0032421584820796663,-170.84878200373834,0,0
332,1,1,1,0.47110477546568913,0.6731173992156982,0.004737917572390391,576.782072008463,0,0
333,1,1,1,0.4732181787976375,0.6955295205116272,0.0024506719172245374,-566.2956983775707,0,0
334,1,1,1,0.4721637553099374,0.6734140515327454,0.0035642871544503798,-10.02592245122251,0,0
335,1,1,1,0.47424926609268375,0.6802561283111572,0.0020395567710285757,-772.224716562338,0,0
336,1,1,1,0.4727810045232436,0.6611729860305786,0.0034949434162318384,-44.99549121870473,0,0
337,1,1,1,0.473672239276477,0.7032619118690491,0.0030227659273870918,-280.0606434681266,0,0
338,1,1,1,0.4717519956094827,0.6706077456474304,0.005056524714091235,736.0246087103977,0,0
339,1,1,1,0.4734377802350321,0.6889405250549316,0.003392301671605178,-95.64106391245011,0,0
340,1,1,1,0.47268476744389054,0.6431079506874084,0.0038179414901568067,116.0642085924269,0,0
341,1,1,1,0.4750943446541345,0.6544547080993652,0.0018707028105988434,-857.2791808779194,0,0
342,1,1,1,0.47577931212858243,0.6251357197761536,0.0011653546131915977,-1210.6663100609057,0,0
343,1,1,1,0.4766300322735209,0.6442478895187378,0.001210972864877505,-1187.3923810193219,0,0
344,1,1,1,0.4762316965001976,0.6207948327064514,0.0024073716478230202,-589.7633620354458,0,0
345,1,1,1,0.47582946334659404,0.6220177412033081,0.0036963370655033303,54.74908763417165,0,0
346,1,1,1,0.4759637252424392,0.6396700739860535,0.0037458548427730777,79.93727659711975,0,0
347,1,1,1,0.47692896768185417,0.6666842699050903,0.0028267156818222424,-378.975325375035,0,0
348,1,1,1,0.476503760767219,0.6587613821029663,0.0033266564485407548,-129.1976246699418,0,0
349,1,1,1,0.47718005926991075,0.6948717832565308,0.002718374012604355,-432.4606466935652,0,0
350,1,1,1,0.47698230999939173,0.6836817264556885,0.0032537722639525537,-165.03366040834413,0,0
351,1,1,1,0.47723239723202787,0.7095500230789185,0.0032583312205545474,-162.1250715889951,0,0
352,1,1,1,0.4770947873099521,0.6874004006385803,0.0034717985301737616,-55.93009006962053,0,0
353,1,1,1,0.47684710599699454,0.6968852281570435,0.0038672364788145787,142.01955288906487,0,0
354,1,1,1,0.4766911151191361,0.6627030372619629,0.0039399890384439725,177.5645303514799,0,0
355,1,1,1,0.4765415354875197,0.6873049139976501,0.004016769949996443,216.553297630442,0,0
356,1,1,1,0.4765697310471703,0.6595961451530457,0.00381585895421879,115.42392939813568,0,0
357,1,1,1,0.47637257631558033,0.6626073122024536,0.003881749620113337,148.44249317660334,0,0
358,1,1,1,0.476081577406433,0.6432791948318481,0.004054116108907141,234.1556825824523,0,0
359,1,1,1,0.47651172385509294,0.6292309165000916,0.0034715852320713865,-57.45140645865582,0,0
360,1,1,1,0.4767940448574699,0.6103137135505676,0.0031818113215877604,-202.79842335534647,0,0
361,1,1,1,0.4764672061393626,0.6514790058135986,0.0035647284922699475,-10.338708379360108,0,0
362,1,1,1,0.4769211755409679,0.6191785335540771,0.0031344165466102,-226.28022063388852,0,0
363,1,1,1,0.4767940448574699,0.592560350894928,0.003471446763741945,-58.412459627624905,0,0
364,1,1,1,0.47684710599699454,0.5829784870147705,0.0034889658748115645,-49.885932631192674,0,0
365,1,1,1,0.47662535087189867,0.5864129066467285,0.0037239862847885776,67.70779658569157,0,0
366,1,1,1,0.4762316965001976,0.5915301442146301,0.004157176839623672,284.4275239438655,0,0
367,1,1,1,0.4766911151191361,0.5938462018966675,0.0035253884604925763,-31.410339676835655,0,0
368,1,1,1,0.47555796268785805,0.5882259011268616,0.0046328084571871765,522.1629743583087,0,0
369,1,1,1,0.47538597747531375,0.6025604605674744,0.004482507842447356,447.3612798967542,0,0
370,1,1,1,0.47315932951773726,0.5995160937309265,0.006399312450877615,1405.689545870151,0,0
371,1,1,1,0.47469332351112864,0.6172038912773132,0.004145832903969141,279.37993523819017,0,0
372,1,1,1,0.4743231446573679,0.6331943869590759,0.003967957663630004,190.83119993311718,0,0
373,1,1,1,0.47666802211380355,0.6492335796356201,0.0017684236231919372,-908.5457511226598,0,0
374,1,1,1,0.4751480676568789,0.6383374929428101,0.0031548413161189255,-215.60189476837772,0,0
375,1,1,1,0.47528418548174545,0.662836492061615,0.0035159080260378202,-34.47273026417283,0,0
376,1,1,1,0.47577931212858243,0.6390283703804016,0.003168496871855009,-208.75731493346467,0,0
377,1,1,1,0.4769159222680722,0.6766120791435242,0.002395928600168848,-594.1274243585733,0,0
378,1,1,1,0.4772045116178209,0.6177756190299988,0.0021693142889873647,-708.8654679764295,0,0
379,1,1,1,0.4772045116178209,0.6225226521492004,0.0026834252792228815,-451.6945261978509,0,0
380,1,1,1,0.47688601990052387,0.6062852740287781,0.0034819985305387493,-52.80278952371065,0,0
381,1,1,1,0.47718005926991075,0.6286225318908691,0.003464636104137217,-60.940766187612255,0,0
382,1,1,1,0.47693563634645614,0.6310781836509705,0.0037750932780514753,94.3475416075059,0,0
383,1,1,1,0.47723239723202787,0.6482120156288147,0.0034111135746385498,-87.22561958106401,0,0
384,1,1,1,0.47715647448214743,0.6541569232940674,0.0034940077280707334,-45.633964194125944,0,0
385,0,1,1,0.47724757453627903,0.6661648154258728,0.0034705213193450242,-57.08513961694693,0,0
386,0,1,1,0.4772520352798811,0.6683350801467896,0.003482939392335041,-50.82332282552298,0,0
387,0,1,1,0.4772198445185695,0.6726073026657104,0.003594229887002834,4.925823893885371,0,0
388,0,1,1,0.4771852719986367,0.664168655872345,0.0036256642285710907,20.437768893893164,0,0
389,0,1,1,0.47714857288321294,0.6743382811546326,0.003669562723117148,42.6343389159212,0,0
390,0,1,1,0.4771107053700334,0.6805531978607178,0.0036826798230301496,49.344034095759504,0,0
391,0,1,1,0.47720070921289415,0.6739627718925476,0.0035573435027074886,-13.48440358045279,0,0
392,0,1,1,0.47718005926991075,0.6488452553749084,0.0035732096192720693,-6.162197031706436,0,0
393,0,1,1,0.4771314033271768,0.6655310392379761,0.003620562379824538,17.919977344081424,0,0
394,0,1,1,0.4771852719986367,0.6157652735710144,0.00356240131935556,-12.370843892205475,0,0
395,0,1,1,0.47718005926991075,0.6203451752662659,0.0035862557052323525,-0.3322688875113271,0,0
396,0,1,1,0.47732960820711273,0.5980623364448547,0.0034315442822845073,-78.2298934408095,0,0
397,0,1,1,0.4773177843159573,0.6044527888298035,0.003480755407740438,-53.468916505602145,0,0
398,0,1,1,0.47733858868084317,0.5813731551170349,0.0035065462900496754,-41.13476628327389,0,0
399,0,1,1,0.4773455711772908,0.5795280337333679,0.003537892964153658,-25.506302122876853,0,0
400,0,1,1,0.47732032044380257,0.5797608494758606,0.0036045216744869353,7.813715064519298,0,0
401,0,1,1,0.47741527096773145,0.6130098700523376,0.003507249209730498,-40.01390943068991,0,0
402,0,1,1,0.47737769990970996,0.6183033585548401,0.003569191930695545,-8.913812628794332,0,0
403,0,1,1,0.47733858868084317,0.6528162360191345,0.003618080966779025,16.37004998006672,0,0
404,0,1,1,0.4773181803081205,0.6223151087760925,0.0036367437153897843,24.95964448255967,0,0
405,0,1,1,0.47732792685186265,0.6444233655929565,0.0036264621377271435,20.3565229398318,0,0
406,0,1,1,0.47724794708586654,0.6313672661781311,0.0036846058747560364,49.110870374705414,0,0
407,0,1,1,0.47724794708586654,0.6529706716537476,0.003652167668795181,33.41715682423863,0,0
408,0,1,1,0.4772326703500626,0.6283368468284607,0.003644784005854951,29.12623688183058,0,0
409,0,1,1,0.477299818506367,0.6428272724151611,0.003556258360036102,-14.784182493462176,0,0
410,0,1,1,0.4772613305113275,0.6282427310943604,0.0035877192687016586,0.5915794340180192,0,0
411,0,1,1,0.4773416071862495,0.6280821561813354,0.003510788450144961,-37.87773498614345,0,0
412,0,1,1,0.47724757453627903,0.5935248732566833,0.0036282361252111374,20.005678050109186,0,0
413,0,1,1,0.4773455711772908,0.6090536713600159,0.0035339655307534386,-26.751962684133602,0,0
414,0,1,1,0.47724757453627903,0.5915660858154297,0.0036434003394961974,27.54014797089022,0,0
415,0,1,1,0.477405637163816,0.5591966509819031,0.003481898718197066,-53.997879255920125,0,0
416,0,1,1,0.47724941441720004,0.5452552437782288,0.0036541289592047195,31.778189703840802,0,0
417,0,1,1,0.47731263044046646,0.5446497201919556,0.003591372906168508,0.3854370032274568,0,0
418,0,1,1,0.4772187499068439,0.550183117389679,0.003677018255585013,43.34268255044973,0,0
419,0,1,1,0.4772736725881567,0.5404269695281982,0.0036148894169133724,12.040996133319362,0,0
420,0,1,1,0.4773455711772908,0.5241609811782837,0.0035099996838644483,-40.79945516857771,0,0
421,0,1,1,0.4773706574353798,0.5314590334892273,0.0035089526157981695,-41.14550239076973,0,0
422,0,1,1,0.4773706574353798,0.5269436836242676,0.0035234593645264963,-34.001940208500635,0,0
423,0,1,1,0.47737173094655067,0.5213850140571594,0.0035603627354896224,-15.685440183624014,0,0
424,0,1,1,0.47731263044046646,0.5149331092834473,0.0036439778311723294,25.965198943728424,0,0
425,0,1,1,0.47741455589189985,0.5151481032371521,0.0035338171955328042,-29.109890276732553,0,0
426,0,1,1,0.47732032044380257,0.5153725147247314,0.003639027257760133,23.500598468307135,0,0
427,0,1,1,0.47741455589189985,0.5167306065559387,0.0035322075617685274,-29.87622107307736,0,0
428,0,1,1,0.47741527096773145,0.5177739262580872,0.0035421987222741787,-24.855267545459583,0,0
429,0,1,1,0.477476843057173,0.5092900395393372,0.0035062867646489778,-43.01757236587615,0,0
430,0,1,1,0.4774196082143183,0.5198379755020142,0.0035790933988219505,-6.357732109052163,0,0
431,0,1,1,0.4775844452457839,0.5244942307472229,0.0034390783099852136,-76.25203756184207,0,0
432,0,1,1,0.47756765628852305,0.5049195289611816,0.003498339605717102,-47.09744155839844,0,0
433,0,1,1,0.4778196649773923,0.5107041597366333,0.003284427247045749,-153.91294011719108,0,0
434,0,1,1,0.47787926666749786,0.4968186616897583,0.003310531036995021,-141.19873698987988,0,0
435,0,1,1,0.47786113390677465,0.5122048854827881,0.0034435784110131264,-74.30086085786722,0,0
436,0,1,1,0.4781860905679753,0.5017959475517273,0.003187793915060186,-202.44625160723356,0,0
437,0,1,1,0.47777548360985994,0.5118066072463989,0.003753009443038591,80.4049691275478,0,0
438,0,1,1,0.4779696708851839,0.5043395161628723,0.003547776825831542,-22.392937267689096,0,0
439,0,1,1,0.478555690765934,0.5073274970054626,0.0029843579995029153,-304.0296834835718,0,0
440,0,1,1,0.4780412072284351,0.4979686737060547,0.003672480751791632,39.804088413672424,0,0
441,0,1,1,0.4795474607801429,0.5186334848403931,0.0021647423364550868,-713.5625562047898,0,0
442,0,1,1,0.4785378027669894,0.49816638231277466,0.0035826586709230947,-5.102143796619716,0,0
443,0,1,1,0.4794371848421556,0.5000431537628174,0.00282530956620827,-383.7310535407219,0,0
444,0,1,1,0.47861087676211306,0.4997084438800812,0.003871991165306202,139.60160594742385,0,0
445,0,1,1,0.4794371848421556,0.48799028992652893,0.0031881004686831445,-202.62872494394853,0,0
446,0,1,1,0.478555690765934,0.49431174993515015,0.004042025560407889,224.48755724829064,0,0
447,0,1,1,0.4791995868659844,0.49249735474586487,0.003402601460093688,-95.26861854702453,0,0
448,0,1,1,0.4783476716788583,0.5007667541503906,0.0041951171531769945,301.19033772448904,0,0
449,0,1,1,0.48017293516982923,0.4924151301383972,0.002498293332280136,-547.4246821357347,0,0
450,0,1,1,0.4779295838106323,0.5029968619346619,0.004731341332507713,569.3566630546305,0,0
451,0,1,1,0.480712596331823,0.49596503376960754,0.0024649175284892112,-564.026251260777,0,0
452,0,1,1,0.47834991489866174,0.5119374990463257,0.004532735872112445,470.27136692038465,0,0
453,0,1,1,0.48180298903006413,0.5133230686187744,0.0020883688067644436,-751.878469047388,0,0
454,0,1,1,0.4798956860749521,0.509333610534668,0.0033950389658317206,-98.64041213877161,0,0
455,0,1,1,0.48091355617524395,0.495313435792923,0.0028686944316198117,-362.15364639566116,0,0
456,0,1,1,0.479499439360109,0.49431630969047546,0.004333051207609973,370.0004917414442,0,0
457,0,1,1,0.48197727486332814,0.49385300278663635,0.002663123766764506,-464.9744961895707,0,0
458,0,1,1,0.4806513178329651,0.5001842379570007,0.0035121253084316713,-40.31975129662684,0,0
459,0,1,1,0.48233828304292453,0.4943004548549652,0.0021391598383575273,-726.9455784704215,0,0
460,0,1,1,0.4793012988791526,0.5015690326690674,0.005407233918667581,907.2682316831452,0,0
461,0,1,1,0.48058690165861334,0.5001459717750549,0.004072096018967753,239.66467334741836,0,0
462,0,1,1,0.4811789313864922,0.5043416023254395,0.0031324729899102318,-230.04480449339115,0,0
463,0,1,1,0.4810401923012197,0.5155623555183411,0.003403115463564502,-94.45068174878334,0,0
464,0,1,1,0.4809725509832826,0.4994969367980957,0.003146234096075365,-223.2820724674461,0,0
465,0,1,1,0.48289269682132513,0.49341630935668945,0.0018855833984888805,-853.7553006026214,0,0
466,0,1,1,0.48223449434257143,0.5103638172149658,0.0028785525534969743,-356.85856393677165,0,0
467,0,1,1,0.4858444450997719,0.5077798962593079,0.0009389442837984046,-1326.7255390988716,0,0
468,0,1,1,0.4840476983228221,0.5135270953178406,0.002530302511904223,-530.9066545990927,0,0
469,0,1,1,0.48461731256154256,0.49322521686553955,0.0027294751080685882,-431.81409313446443,0,0
470,0,1,1,0.48185921198478154,0.4992201328277588,0.005918729619883959,1162.9589576333694,0,0
471,0,1,1,0.4813959440953902,0.49780234694480896,0.006288176919827815,1347.6481274064379,0,0
472,0,1,1,0.48091355617524395,0.506068766117096,0.005658439588878653,1032.9804991832125,0,0
473,0,1,1,0.48292977846710344,0.4930780529975891,0.0031484021014566745,-222.35417542896462,0,0
474,0,1,1,0.48301995473040493,0.4971718192100525,0.0023466219732133616,-623.1446801779479,0,0
475,0,1,1,0.4825766286919004,0.49558889865875244,0.003080133698123777,-256.42731395552414,0,0
476,0,1,1,0.48276213848767663,0.5033378601074219,0.003189795051475053,-201.40818447123533,0,0
477,0,1,1,0.4876782825069702,0.48994970321655273,0.0017635145881677921,-914.8740127593899,0,0
478,0,1,1,0.4845496749740459,0.5013605952262878,0.0030515301531806567,-270.58872020690916,0,0
479,0,1,1,0.48950151195014646,0.48894283175468445,0.002043043649616956,-775.1339688974922,0,0
480,0,1,1,0.48276213848767663,0.4910475015640259,0.006952717515021673,1679.7541488494016,0,0
481,0,1,1,0.48775982048202216,0.4943721294403076,0.003735485713251222,71.21910208445482,0,0
482,0,1,1,0.48289269682132513,0.492712140083313,0.006842543675136159,1624.7077125000176,0,0
483,0,1,1,0.4883738296578019,0.49397480487823486,0.003620015085389402,13.474125319348886,0,0
484,0,1,1,0.4855101315845276,0.500433087348938,0.003528943800667356,-31.904453223673897,0,0
485,0,1,1,0.48881893575384927,0.4979611933231354,0.002651096238090533,-470.888350357923,0,0
486,0,1,1,0.48787010260476465,0.49407148361206055,0.0021207498725998144,-736.1561298727648,0,0
487,0,1,1,0.48957699935454924,0.49359360337257385,0.001793262138969718,-899.9116186159806,0,0
488,0,1,1,0.488091552164065,0.498313307762146,0.0034444441833461877,-74.20581439481028,0,0
489,0,1,1,0.48916073280462746,0.49048587679862976,0.0030206186876680892,-286.30892340152917,0,0
490,0,1,1,0.48615325486873545,0.49378520250320435,0.006113545886254648,1260.2349146695274,0,0
491,0,1,1,0.49016261806107214,0.4896351099014282,0.0029612615514813014,-316.00818193355116,0,0
492,0,1,1,0.48975273161863064,0.4908129572868347,0.0025942186447351035,-499.500990352173,0,0
493,0,1,1,0.49438292160873615,0.49354106187820435,0.002246102063817707,-673.4929339880173,0,0
494,0,1,1,0.49090302331909863,0.48675471544265747,0.0028018122431834715,-395.8028865568908,0,0
495,0,1,1,0.4926367594977386,0.48272186517715454,0.0024039954618565763,-594.8093551323834,0,0
496,0,1,1,0.4911209106539254,0.4863225221633911,0.004389902380114133,398.23167107574363,0,0
497,0,1,1,0.49396518895137403,0.49060216546058655,0.0025914171856158165,-500.906846316427,0,0
498,0,1,1,0.4928742140760893,0.4843095541000366,0.00287421055243339,-359.66319764558534,0,0
499,0,1,1,0.4941923116788111,0.4843790829181671,0.0020489106389592034,-772.311463459173,0,0
500,0,1,1,0.491338580912984,0.48464691638946533,0.0052915294500544665,849.0044557316418,0,0
501,0,1,1,0.4930480814280282,0.4760858714580536,0.0037728059526993298,89.43450457778049,0,0
502,0,1,1,0.4934371903383936,0.48353537917137146,0.0030180607085730617,-287.75694731681665,0,0
503,0,1,1,0.49428487325429427,0.48440369963645935,0.0023111218582484412,-641.2052551421083,0,0
504,0,1,1,0.4927394416512812,0.4793434739112854,0.003879693855132341,142.95767987300243,0,0
505,0,1,1,0.4944779693528923,0.4828619062900543,0.002642254384303381,-475.6764881440631,0,0
506,0,1,1,0.49373394332258563,0.4826846122741699,0.003592879349618228,-0.368317232861622,0,0
507,0,1,1,0.49525683250331376,0.4820387065410614,0.00218723220070444,-703.2075999559968,0,0
508,0,1,1,0.4936409454623635,0.49291953444480896,0.00400305526814326,204.96855278268362,0,0
509,0,1,1,0.4941051802701965,0.502930223941803,0.0037641964130808005,85.78258272181765,0,0
510,0,1,1,0.4947445853818869,0.49232348799705505,0.0030315940307164254,-280.7765616315978,0,0
511,0,1,1,0.495333112344126,0.4832494556903839,0.0026957275833026624,-448.9304635397207,0,0
512,0,1,1,0.49348168432334405,0.48487919569015503,0.0045662255642876905,486.35816182288045,0,0
513,0,1,1,0.4938881660320737,0.4931223690509796,0.004119928570803175,263.4101369996448,0,0
514,0,1,1,0.4952156183907491,0.47918954491615295,0.0027382226525970417,-427.78166490939526,0,0
515,0,1,1,0.49396518895137403,0.47920459508895874,0.0041064103441876805,256.312546902371,0,0
516,0,1,1,0.49424798262536435,0.4698503315448761,0.003481635822009399,-56.302207541772255,0,0
517,0,1,1,0.4941321968531298,0.49590808153152466,0.0037889961697490206,98.01168430491018,0,0
518,0,1,1,0.49460477359940486,0.4917393922805786,0.003377427128737992,-107.87421768287592,0,0
519,0,1,1,0.49479933200627435,0.4989163875579834,0.0030301575240324315,-281.3344773015543,0,0
520,0,1,1,0.4940121971952668,0.48516401648521423,0.004025828098765058,216.16635583222208,0,0
521,0,1,1,0.49639021337932193,0.4988213777542114,0.0020594828446154102,-766.6741276247826,0,0
522,0,1,1,0.49098165548615974,0.485313355922699,0.007561927581895747,1984.2197292954181,0,0
523,0,1,1,0.4952156183907491,0.4886423945426941,0.0038207757966920615,113.72479808204012,0,0
524,0,1,1,0.4912642172079005,0.4887625575065613,0.00647765792796241,1442.1687860505087,0,0
525,0,1,1,0.4961365733127782,0.48962074518203735,0.0030583805736004383,-267.4490202203735,0,0
526,0,1,1,0.4911209106539254,0.5030590295791626,0.005870559468460002,1138.967242932375,0,0
527,0,1,1,0.4944779693528923,0.4819028675556183,0.00350845310632027,-42.600450718308444,0,0
528,0,1,1,0.49428487325429427,0.49604132771492004,0.0027021980915573713,-445.38411427698634,0,0
529,0,1,1,0.4940121971952668,0.4991697669029236,0.0035848384711942545,-3.9878415982055495,0,0
530,0,1,1,0.49098165548615974,0.5032038688659668,0.006084286150923446,1245.834106619407,0,0
531,0,1,1,0.4944779693528923,0.49477294087409973,0.0035829246210180334,-5.051696398093665,0,0
532,0,1,1,0.4948439099158264,0.4868306517601013,0.0026815635349533113,-455.9253939196808,0,0
533,0,1,1,0.4946473875051191,0.4905616044998169,0.002523499505405713,-534.8666728539224,0,0
534,0,1,1,0.49577193841957096,0.4956052601337433,0.0015577461684169432,-1017.6206809019525,0,0
535,0,1,1,0.4941051802701965,0.48598557710647583,0.004422075051144181,414.30981217106927,0,0
536,0,1,1,0.4944779693528923,0.4959278404712677,0.003956088697774457,181.55842885011205,0,0
537,0,1,1,0.4956856143434908,0.48339831829071045,0.002656958566442419,-468.3113516685516,0,0
538,0,1,1,0.4938881660320737,0.4940885901451111,0.004713963587452447,560.4511435801662,0,0
539,0,1,1,0.49565175605479234,0.49573060870170593,0.002642834674621109,-475.07337935397777,0,0
540,0,1,1,0.4948439099158264,0.49377158284187317,0.003673920552974397,40.42191680263682,0,0
541,0,1,1,0.49438292160873615,0.50480055809021,0.004226394000798159,316.92686264023763,0,0
542,0,1,1,0.494703322184108,0.488631010055542,0.003580320241737639,-6.5032562630575645,0,0
543,0,1,1,0.49639021337932193,0.48297053575515747,0.002222272877541568,-685.6645996834872,0,0
544,0,1,1,0.49428487325429427,0.49084848165512085,0.004387172540692358,396.9768215702258,0,0
545,0,1,1,0.495333112344126,0.5110853910446167,0.003199174285477541,-196.53014945102254,0,0
546,0,1,1,0.49337790938753906,0.4907296299934387,0.0053919249259120035,899.3501237372964,0,0
547,0,1,1,0.49428487325429427,0.48962342739105225,0.0041536078600145744,280.1646882173485,0,0
548,0,1,1,0.4964419996571144,0.501478910446167,0.0019255823483421575,-833.5597452295374,0,0
549,0,1,1,0.4936872016603395,0.5020826458930969,0.004764226023417401,585.7767750034893,0,0
550,0,1,1,0.49206036318427737,0.49437132477760315,0.005979586828532943,1193.269640156119,0,0
551,0,1,1,0.49435433392616496,0.4979163110256195,0.003784824102176041,95.97449015855602,0,0
552,0,1,1,0.49268210255519884,0.5014668107032776,0.005045826074763724,726.5618237185183,0,0
553,0,1,1,0.4921344870944344,0.4936351478099823,0.004653467260049266,530.1919522741434,0,0
554,0,1,1,0.4946473875051191,0.5051929354667664,0.002290447608632954,-651.0367909224861,0,0
555,0,1,1,0.49673336356019365,0.49245622754096985,0.0015004220796479718,-1046.3593089732422,0,0
556,0,1,1,0.494885895742431,0.5043238401412964,0.00275539345929397,-418.5850017734077,0,0
557,0,1,1,0.49565175605479234,0.4961366057395935,0.0025404814437407193,-526.2401210475292,0,0
558,0,1,1,0.4934371903383936,0.5022851228713989,0.00563436440022892,1020.8508875988324,0,0
559,0,1,1,0.49460477359940486,0.4957902133464813,0.004164231847536321,285.62665667371436,0,0
560,0,1,1,0.49525683250331376,0.4987717270851135,0.002980025453430191,-306.4040307092743,0,0
561,0,1,1,0.4961365733127782,0.5004020929336548,0.002193018834186403,-699.8676902405954,0,0
562,0,1,1,0.4940121971952668,0.4937913715839386,0.004438599266194329,422.76175466987166,0,0
563,0,1,1,0.49353604233065207,0.5007609724998474,0.005058505845027342,732.8845430413644,0,0
564,0,1,1,0.49383338738184007,0.5013602375984192,0.004493977976651129,450.6351828309063,0,0
565,0,1,1,0.49297255205114027,0.5067416429519653,0.004998952026982526,703.2530824318544,0,0
566,0,1,1,0.4916911518003911,0.5067247748374939,0.005489346962322225,948.4501398733697,0,0
567,0,1,1,0.49383338738184007,0.4988015294075012,0.003119577018281087,-236.62752349878312,0,0
568,0,1,1,0.4912642172079005,0.49143025279045105,0.005410356468890901,908.5829341983253,0,0
569,0,1,1,0.49435433392616496,0.5041983723640442,0.0025046147616760474,-543.9774019274009,0,0
570,0,1,1,0.488450760593742,0.5112031102180481,0.007926966008320668,2167.3685748714615,0,0
571,0,1,1,0.4879994013750161,0.4974733293056488,0.007568227425384305,1987.6653785578062,0,0
572,0,1,1,0.4906225258555902,0.5073710083961487,0.004079777878793534,243.68131434790075,0,0
573,0,1,1,0.49373394332258563,0.49970337748527527,0.002968992382149322,-311.8979088444735,0,0
574,0,1,1,0.4920033177293398,0.5024895668029785,0.0017902940803821545,-901.1793002991541,0,0
575,0,1,1,0.49193804226109633,0.49908149242401123,0.002743708832525127,-424.55480774606724,0,0
576,0,1,1,0.48891231944391583,0.4953099191188812,0.006754091871225662,1580.5449878826291,0,0
577,0,1,1,0.4914564830826291,0.5058114528656006,0.00433606764435274,371.7882691261934,0,0
578,0,1,1,0.4868143037954749,0.5052118897438049,0.007855190856758867,2131.335294103758,0,0
579,0,1,1,0.48891231944391583,0.5095021724700928,0.0047905387444744825,599.1135765668137,0,0
580,0,1,1,0.48091355617524395,0.5192692875862122,0.011702254289228482,4055.2088827460193,0,0
581,0,1,1,0.48223449434257143,0.5166487097740173,0.00838162530473303,2394.8306586998756,0,0
582,0,1,1,0.4815219085196153,0.5182272791862488,0.006788713942674729,1598.4133680848927,0,0
583,0,1,1,0.48197727486332814,0.507434070110321,0.005010248779997004,708.918298594787,0,0
584,0,1,1,0.48010912183122956,0.5113775134086609,0.005144640666948652,776.2101456275267,0,0
585,0,1,1,0.48049255696158927,0.5059062242507935,0.00456009695058533,483.80522705892554,0,0
586,0,1,1,0.4791533725259526,0.5213977098464966,0.00546379704097649,936.0320213182382,0,0
587,0,1,1,0.4809725509832826,0.5203269124031067,0.0032436830092981046,-174.05103604755647,0,0
588,0,1,1,0.4779696708851839,0.5322770476341248,0.005804183713318129,1106.4899402690753,0,0
589,0,1,1,0.4775619703617842,0.5492870211601257,0.005677021500206378,1043.3225120244535,0,0
590,0,1,1,0.4776077880005836,0.5538420677185059,0.004898557211455709,654.201145244691,0,0
591,0,1,1,0.47750946595172633,0.5716102123260498,0.004610483128970761,510.59622084496885,0,0
592,0,1,1,0.47741800598060874,0.5780280232429504,0.0038361718421992793,123.5966570191398,0,0
593,0,1,1,0.4774273015489473,0.6037070155143738,0.003688960047716916,50.61526646171601,0,0
594,0,1,1,0.47742869519006276,0.6281642913818359,0.003653899203392261,33.67963914508545,0,0
595,0,1,1,0.47736202847131054,0.6632193326950073,0.0036757927195142483,45.478927062706084,0,0
596,0,1,1,0.47741527096773145,0.62931889295578,0.0035856908529893873,-0.39645643420790044,0,0
597,0,1,1,0.47743881311944714,0.6796853542327881,0.0035614649480543966,-11.284509132574808,0,0
598,0,1,1,0.4774795785685088,0.6450750231742859,0.0035235773916176523,-31.07000196515931,0,0
599,0,1,1,0.4775391074663514,0.6674957871437073,0.003476769338386557,-53.928761196151584,0,0
600,0,1,1,0.47748422826072817,0.6627576947212219,0.003575918292770053,-4.469513229710659,0,0
601,0,1,1,0.4775017335891134,0.6835353374481201,0.003575652287633982,-4.0972087117620895,0,0
602,0,1,1,0.47750946595172633,0.6456952691078186,0.003583650042437642,-1.01859232884562,0,0
603,0,1,1,0.47763316173160647,0.6698365211486816,0.003467426108361868,-58.543450141633414,0,0
604,0,1,1,0.47752279534791686,0.6284446120262146,0.0036013060583652114,7.389883959676993,0,0
605,0,1,1,0.4775058938472401,0.6296882629394531,0.0036278493308391615,20.6917654765045,0,0
606,0,1,1,0.4774673507263638,0.6011880040168762,0.003667432516247138,39.79023899583596,0,0
607,0,1,1,0.47745437549053504,0.6141085624694824,0.0036698789457352806,41.32767849710366,0,0
608,0,1,1,0.47746881320125184,0.6004813313484192,0.003610744674750627,11.429132144636213,0,0
609,0,1,1,0.47740997239826893,0.6086631417274475,0.0036560899410672783,34.30074488958024,0,0
610,0,1,1,0.477405637163816,0.6280146837234497,0.0036364448132774037,24.948805666740036,0,0
611,0,1,1,0.4773416071862495,0.6689964532852173,0.0036850464002069457,50.24626554010783,0,0
612,0,1,1,0.47740972281286403,0.6480816602706909,0.003588738697521074,1.5837716504192185,0,0
613,0,1,1,0.47732960820711273,0.699692964553833,0.0036540807061753973,35.50995001796355,0,0
614,0,1,1,0.4772736725881567,0.6809825301170349,0.0036899252773423515,52.977202505192714,0,0
615,0,1,1,0.47724794708586654,0.6977061629295349,0.0036826596357177168,49.751096269433695,0,0
616,0,1,1,0.4772620502796455,0.684372067451477,0.0036451414168429787,30.667704957608944,0,0
617,0,1,1,0.47729241703619957,0.728685200214386,0.003577856526984333,-1.8970556414188975,0,1
618,0,1,1,0.4772241409814746,0.7310993671417236,0.0036368347889810084,27.650787294127845,0,1
619,0,1,1,0.47728709079822623,0.7888928055763245,0.003561502070558828,-8.610049916789537,0,1
620,0,1,1,0.47715010059927115,0.7742812037467957,0.003708278197603829,64.42266309559356,0,1
621,0,1,1,0.47713254899294294,0.800848662853241,0.0036978423838384513,59.85087018837023,0,1
622,0,1,1,0.47702608550197134,0.8113986253738403,0.003764338863995892,93.3556827228112,0,1
623,0,1,1,0.4770947873099521,0.8015918135643005,0.0036461231861393247,34.00934457864401,0,1
624,0,1,1,0.47688601990052387,0.7259865999221802,0.0038068147234990137,112.51641333026032,0,1
625,0,1,1,0.47674304818648755,0.805509090423584,0.003883766262848515,152.92615012888666,0,1
626,0,1,1,0.4765940127402328,0.7230427861213684,0.0039354265074894425,176.75071250847813,0,1
627,0,1,1,0.47713254899294294,0.8086755871772766,0.0032888720643446364,-144.4439407122133,0,1
628,0,1,1,0.47704842437866546,0.700635552406311,0.003382437099369845,-100.28892988346644,0,0
629,0,1,1,0.47702608550197134,0.7327921390533447,0.003445377095599317,-68.03689160626443,0,1
630,0,1,1,0.4769558009563556,0.6573026776313782,0.0035864209700860296,0.6491607739714542,0,0
631,0,1,1,0.4769713003790059,0.6679896116256714,0.003661368601466414,38.382880031942676,0,0
632,0,1,1,0.47687868704202097,0.6391220688819885,0.0037136697849671193,63.83142034676626,0,0
633,0,1,1,0.47619523449768564,0.6313348412513733,0.004354687995141324,384.1511420012222,0,0
634,0,1,1,0.47572483347515654,0.6199682354927063,0.004617376266598997,515.2188447145844,0,0
635,0,1,1,0.4763522224980569,0.6141515374183655,0.0036822453733988377,47.51193746891451,0,0
636,0,1,1,0.4742211681702609,0.619870126247406,0.005658530230957634,1035.793440901541,0,0
637,0,1,1,0.4744825172368482,0.6012828350067139,0.0047328014464303155,572.4770103534322,0,0
638,0,1,1,0.4747594421870113,0.5961743593215942,0.0040276971810578295,219.80064081336528,0,0
639,0,1,1,0.47336609096289234,0.6110617518424988,0.005179700583140501,796.164399525608,0,0
640,0,1,1,0.4704685068765895,0.5938166379928589,0.007330751785652218,1871.2706039162222,0,0
641,0,1,1,0.4750943446541345,0.6008648872375488,0.003361276768864111,-113.29549281511574,0,0
642,0,1,1,0.47110477546568913,0.5967033505439758,0.005909274727456279,1160.602278947107,0,0
643,0,1,1,0.9717541251576568,0.5118416547775269,0.49755982087671513,246983.81153831302,0,2
644,0,1,1,0.9717541251576568,0.5037691593170166,0.3751179847418172,185762.69714978896,0,2
645,0,1,1,0.9717541251576568,0.5004896521568298,0.2497209985074863,123064.12427582781,0,0
646,0,1,1,0.9717541251576568,0.5029453635215759,0.12842961659999658,62418.49304437051,0,0
647,0,1,1,0.9717541251576568,0.5145140886306763,0.0035919540229885057,-0.05689562589072168,0,0
648,0,1,1,0.9717541251576568,0.5064134001731873,0.0035919540229885057,-0.25390234762143027,0,0
649,0,1,1,0.9717541251576568,0.5164096355438232,0.0035919540229885057,-0.010796398003416436,0,0
650,0,1,1,0.9717541251576568,0.5133495330810547,0.0035919540229885057,-0.08521732623856679,0,0
651,0,1,1,0.9717541251576568,0.5037662982940674,0.0035919540229885057,-0.3182792047279994,0,0
652,0,1,1,0.9717541251576568,0.5125254392623901,0.0035919540229885057,-0.1052590822529647,0,0
653,0,1,1,0.9717541251576568,0.5200257897377014,0.0035919540229885057,0.07714756956764582,0,0
654,0,1,1,0.9717541251576568,0.5168086886405945,0.0035919540229885057,-0.0010915262750500236,0,0
655,0,1,1,0.9717541251576568,0.5166259407997131,0.0035919540229885057,-0.0055359081599150595,0,0
656,0,1,1,0.9717541251576568,0.524692177772522,0.0035919540229885057,0.19063296206086136,0,0
657,0,1,1,0.9717541251576568,0.5191348195075989,0.0035919540229885057,0.055479395916320784,0,0
658,0,1,1,0.9717541251576568,0.5178306102752686,0.0035919540229885057,0.023761352856069038,0,0
659,0,1,1,0.9717541251576568,0.5106766223907471,0.0035919540229885057,-0.1502218471925419,0,0
660,0,1,1,0.9717541251576568,0.519902765750885,0.0035919540229885057,0.07415565690934138,0,0
661,0,1,1,0.9717541251576568,0.5238356590270996,0.0035919540229885057,0.16980263991946848,0,0
662,0,1,1,0.9717541251576568,0.5185579061508179,0.0035919540229885057,0.04144900705017314,0,0
663,0,1,1,0.9717541251576568,0.5110064744949341,0.0035919540229885057,-0.14219992633447173,0,0
664,0,1,1,0.9717541251576568,0.5217949151992798,0.0035919540229885057,0.12017225930172251,0,0
665,0,1,1,0.9717541251576568,0.5273918509483337,0.0035919540229885057,0.2562883399836246,0,0
666,0,1,1,0.9717541251576568,0.5161685347557068,0.0035919540229885057,-0.01665990900285514,0,0
667,0,1,1,0.9717541251576568,0.5254864692687988,0.0035919540229885057,0.20994993303206536,0,0
668,0,1,1,0.9717541251576568,0.5061363577842712,0.0035919540229885057,-0.2606399493829608,0,0
669,0,1,1,0.9717541251576568,0.509357213973999,0.0035919540229885057,-0.18230953062482252,0,0
670,0,1,1,0.9717541251576568,0.5206890106201172,0.0035919540229885057,0.09327693591888303,0,0
671,0,1,1,0.9717541251576568,0.5319348573684692,0.0035919540229885057,0.36677312239801735,0,0
672,0,1,1,0.9717541251576568,0.5240289568901062,0.0035919540229885057,0.17450359570962415,0,0
673,0,1,1,0.9717541251576568,0.5273768901824951,0.0035919540229885057,0.25592449789194127,0,0
674,0,1,1,0.9717541251576568,0.5166960954666138,0.0035919540229885057,-0.0038297641682366033,0,0
675,0,1,1,0.9717541251576568,0.510154664516449,0.0035919540229885057,-0.16291573243903998,0,0
676,0,1,1,0.9717541251576568,0.5173817276954651,0.0035919540229885057,0.012844640535482416,0,0
677,0,1,1,0.9717541251576568,0.5032458901405334,0.0035919540229885057,-0.33093540115225145,0,0
678,0,1,1,0.9717541251576568,0.5078369379043579,0.0035919540229885057,-0.2192822652482301,0,0
679,0,1,1,0.9717541251576568,0.5243615508079529,0.0035919540229885057,0.18259219679166816,0,0
680,0,1,1,0.9717541251576568,0.5150653123855591,0.0035919540229885057,-0.043490001731807185,0,0
681,0,1,1,0.9717541251576568,0.5189785957336426,0.0035919540229885057,0.05168007271989833,0,0
682,0,1,1,0.9717541251576568,0.5163543224334717,0.0035919540229885057,-0.012141599043584327,0,0
683,0,1,1,0.9717541251576568,0.5132710933685303,0.0035919540229885057,-0.08712496047225314,0,0
684,0,1,1,0.9717541251576568,0.5082841515541077,0.0035919540229885057,-0.20840614089006235,0,0
685,0,1,1,0.9717541251576568,0.5200923085212708,0.0035919540229885057,0.07876528978405463,0,0
686,0,1,1,0.9717541251576568,0.5120565295219421,0.0035919540229885057,-0.11666285012257763,0,0
687,0,1,1,0.9717541251576568,0.513330340385437,0.0035919540229885057,-0.08568408780638366,0,0
688,0,1,1,0.9717541251576568,0.5097067952156067,0.0035919540229885057,-0.17380780206815802,0,0
689,0,1,1,0.9717541251576568,0.5094432830810547,0.0035919540229885057,-0.18021635142007852,0,0
690,0,1,1,0.9717541251576568,0.5236815214157104,0.0035919540229885057,0.1660540516760696,0,0
691,0,1,1,0.9717541251576568,0.5347636342048645,0.0035919540229885057,0.4355682691278966,0,0
692,0,1,1,0.9717541251576568,0.5272883176803589,0.0035919540229885057,0.253770436743569,0,0
693,0,1,1,0.9717541251576568,0.509332001209259,0.0035919540229885057,-0.18292269877136458,0,0
694,0,1,1,0.9717541251576568,0.5269148349761963,0.0035919540229885057,0.24468743058226292,0,0
695,0,1,1,0.9717541251576568,0.5158452391624451,0.0035919540229885057,-0.024522377151422643,0,0
696,0,1,1,0.9717541251576568,0.5004587769508362,0.0035919540229885057,-0.3987172983917456,0,0
697,0,1,1,0.9717541251576568,0.5274739861488342,0.0035919540229885057,0.258285847562667,0,0
698,0,1,1,0.9717541251576568,0.5050108432769775,0.0035919540229885057,-0.2880121813242219,0,0
699,0,1,1,0.9717541251576568,0.520972728729248,0.0035919540229885057,0.10017688953008902,0,0
700,0,1,1,0.9717541251576568,0.5188090801239014,0.0035919540229885057,0.047557495394211384,0,0
701,0,1,1,0.9717541251576568,0.5103516578674316,0.0035919540229885057,-0.15812490330352824,0,0
702,0,1,1,0.9717541251576568,0.5093886852264404,0.0035919540229885057,-0.18154415761920978,0,0
703,0,1,1,0.9717541251576568,0.5150886178016663,0.0035919540229885057,-0.042923219828029546,0,0
704,0,1,1,0.9717541251576568,0.507203996181488,0.0035919540229885057,-0.23467524999558229,0,0
705,0,1,1,0.9717541251576568,0.5157652497291565,0.0035919540229885057,-0.026467700207355088,0,0
706,0,1,1,0.9717541251576568,0.517295777797699,0.0035919540229885057,0.010754360470911188,0,0
707,0,1,1,0.9717541251576568,0.5173876881599426,0.0035919540229885057,0.012989597544121196,0,0
708,0,1,1,0.9717541251576568,0.5057809352874756,0.0035919540229885057,-0.26928373580809134,0,0
709,0,1,1,0.9717541251576568,0.503081202507019,0.0035919540229885057,-0.33494056330094096,0,0
710,0,1,1,0.9717541251576568,0.49496161937713623,0.0035919540229885057,-0.5324067987490345,0,0
711,0,1,1,0.9717541251576568,0.5127555727958679,0.0035919540229885057,-0.09966229214942135,0,0
712,0,1,1,0.9717541251576568,0.5124762058258057,0.0035919540229885057,-0.10645642714432102,0,0
713,0,1,1,0.9717541251576568,0.5127620100975037,0.0035919540229885057,-0.09950573858009146,0,0
714,0,1,1,0.9717541251576568,0.5000919699668884,0.0035919540229885057,-0.4076379527033762,0,0
715,0,1,1,0.9717541251576568,0.5142635703086853,0.0035919540229885057,-0.06298816896380967,0,0
716,0,1,1,0.9717541251576568,0.5009220838546753,0.0035919540229885057,-0.3874497901102531,0,0
717,0,1,1,0.9717541251576568,0.507172167301178,0.0035919540229885057,-0.23544932042171338,0,0
718,0,1,1,0.9717541251576568,0.50937420129776,0.0035919540229885057,-0.181896403150202,0,0
719,0,1,1,0.9717541251576568,0.512310802936554,0.0035919540229885057,-0.1104789841340472,0,0
720,0,1,1,0.9717541251576568,0.4986339509487152,0.0035919540229885057,-0.4430966113715517,0,0
721,0,1,1,0.9717541251576568,0.5100347399711609,0.0035919540229885057,-0.16583226745285226,0,0
722,0,1,1,0.9717541251576568,0.49718061089515686,0.0035919540229885057,-0.47844147878794574,0,0
723,0,1,1,0.9717541251576568,0.49741658568382263,0.0035919540229885057,-0.4727026308159364,0,0
724,0,1,1,0.9717541251576568,0.4900134801864624,0.0035919540229885057,-0.6527443090406052,0,0
725,0,1,1,0.9717541251576568,0.49372756481170654,0.0035919540229885057,-0.5624186978176078,0,0
726,0,1,1,0.9717541251576568,0.49434009194374084,0.0035919540229885057,-0.5475221908248434,0,0
727,0,1,1,0.9717541251576568,0.5205232501029968,0.0035919540229885057,0.08924568150863851,0,0
728,0,1,1,0.9717541251576568,0.5118680596351624,0.0035919540229885057,-0.12124639073573588,0,0
729,0,1,1,0.9717541251576568,0.48907017707824707,0.0035919540229885057,-0.6756852052277788,0,0
730,0,1,1,0.9717541251576568,0.49467310309410095,0.0035919540229885057,-0.5394234427521947,0,0
731,0,1,1,0.9717541251576568,0.4952976703643799,0.0035919540229885057,-0.52423412260198,0,0
732,0,1,1,0.9717541251576568,0.4951581060886383,0.0035919540229885057,-0.527628290959257,0,0
733,0,1,1,0.9717541251576568,0.49601200222969055,0.0035919540229885057,-0.5068617499016652,0,0
734,0,1,1,0.9717541251576568,0.5029715299606323,0.0035919540229885057,-0.3376077722598945,0,0
735,0,1,1,0.9717541251576568,0.5016499757766724,0.0035919540229885057,-0.36974764021528517,0,0
736,0,1,1,0.9717541251576568,0.4974241256713867,0.0035919540229885057,-0.47251926020000834,0,0
737,0,1,1,0.9717541251576568,0.5031864643096924,0.0035919540229885057,-0.3323806225283801,0,0
738,0,1,1,0.9717541251576568,0.504007875919342,0.0035919540229885057,-0.31240409716786965,0,0
739,0,1,1,0.9717541251576568,0.5090308785438538,0.0035919540229885057,-0.19024592684779582,0,0
740,0,1,1,0.9717541251576568,0.49426907300949097,0.0035919540229885057,-0.5492493535827745,0,0
741,0,1,1,0.9717541251576568,0.5023708343505859,0.0035919540229885057,-0.3522165395905109,0,0
742,0,1,1,0.9717541251576568,0.4943969249725342,0.0035919540229885057,-0.5461400257474727,0,0
743,0,1,1,0.9717541251576568,0.4941113591194153,0.0035919540229885057,-0.5530849160313567,0,0
744,0,1,1,0.9717541251576568,0.5040857195854187,0.0035919540229885057,-0.31051095863504713,0,0
745,0,1,1,0.9717541251576568,0.48823052644729614,0.0035919540229885057,-0.6961052990347238,0,0
746,0,1,1,0.9717541251576568,0.4908253848552704,0.0035919540229885057,-0.6329989901088736,0,0
747,0,1,1,0.9717541251576568,0.4925842881202698,0.0035919540229885057,-0.5902229016446124,0,0
748,0,1,1,0.9717541251576568,0.5009472966194153,0.0035919540229885057,-0.3868366219637111,0,0
749,0,1,1,0.9717541251576568,0.4834495186805725,0.0035919540229885057,-0.8123782148040631,0,0
750,0,1,1,0.9717541251576568,0.502068042755127,0.0035919540229885057,-0.359580355629361,0,0
751,0,1,1,0.9717541251576568,0.5027418732643127,0.0035919540229885057,-0.3431929658027468,0,0
752,0,1,1,0.9717541251576568,0.49780115485191345,0.0035919540229885057,-0.46335000461856224,0,0
753,0,1,1,0.9717541251576568,0.4961337447166443,0.0035919540229885057,-0.5039010030002181,0,0
754,0,1,1,0.9717541251576568,0.498382031917572,0.0035919540229885057,-0.4492232193416698,0,0
755,0,1,1,0.9717541251576568,0.4907653331756592,0.0035919540229885057,-0.6344594319709094,0,0
756,0,1,1,0.9717541251576568,0.5034700632095337,0.0035919540229885057,-0.32548356805734685,0,0
757,0,1,1,0.9717541251576568,0.48682934045791626,0.0035919540229885057,-0.7301817926255286,0,0
758,0,1,1,0.9717541251576568,0.4928392171859741,0.0035919540229885057,-0.5840230903851318,0,0
759,0,1,1,0.9717541251576568,0.4885779321193695,0.0035919540229885057,-0.6876564797862125,0,0
760,0,1,1,0.9717541251576568,0.5036833882331848,0.0035919540229885057,-0.3202955567181649,0,0
761,0,1,1,0.9717541251576568,0.5002263188362122,0.0035919540229885057,-0.40437062172865806,0,0
762,0,1,1,0.9717541251576568,0.49156489968299866,0.0035919540229885057,-0.61501417404706,0,0
763,0,1,1,0.9717541251576568,0.5055776238441467,0.0035919540229885057,-0.27422821937276015,0,0
764,0,1,1,0.9717541251576568,0.4917789101600647,0.0035919540229885057,-0.6098094926518846,0,0
765,0,1,1,0.9717541251576568,0.4953175485134125,0.0035919540229885057,-0.5237506909781696,0,0
766,0,1,1,0.9717541251576568,0.4935401380062103,0.0035919540229885057,-0.5669768709542542,0,0
767,0,1,1,0.9717541251576568,0.4902104437351227,0.0035919540229885057,-0.6479542046901366,0,0
768,0,1,1,0.9717541251576568,0.49269014596939087,0.0035919540229885057,-0.5876484651711876,0,0
769,0,1,1,0.9717541251576568,0.49854186177253723,0.0035919540229885057,-0.4453361971550209,0,0
770,0,1,1,0.9717541251576568,0.49044984579086304,0.0035919540229885057,-0.64213200643816,0,0
771,0,1,1,0.9717541251576568,0.5022044777870178,0.0035919540229885057,-0.35626228970161933,0,0
772,0,1,1,0.9717541251576568,0.49529358744621277,0.0035919540229885057,-0.5243334181528976,0,0
773,0,1,1,0.9717541251576568,0.4897952079772949,0.0035919540229885057,-0.6580526346969574,0,0
774,0,1,1,0.9717541251576568,0.48807016015052795,0.0035919540229885057,-0.7000053673521502,0,0
775,0,1,1,0.9717541251576568,0.4982064962387085,0.0035919540229885057,-0.4534922032460819,0,0
776,0,1,1,0.9717541251576568,0.4839758276939392,0.0035919540229885057,-0.7995785109412588,0,0
777,0,1,1,0.9717541251576568,0.4990255534648895,0.0035919540229885057,-0.43357293590398377,0,0
778,0,1,1,0.9717541251576568,0.4946442246437073,0.0035919540229885057,-0.5401257594590496,0,0
779,0,1,1,0.9717541251576568,0.5244389772415161,0.0035919540229885057,0.18447518833388593,0,0
780,0,1,1,0.9717541251576568,0.49120980501174927,0.0035919540229885057,-0.6236499878367154,0,0
781,0,1,1,0.9717541251576568,0.5086936354637146,0.0035919540229885057,-0.19844759439657805,0,0
782,0,1,1,0.9717541251576568,0.49006032943725586,0.0035919540229885057,-0.6516049469527044,0,0
783,0,1,1,0.9717541251576568,0.5076225996017456,0.0035919540229885057,-0.22449491927888068,0,0
784,0,1,1,0.9717541251576568,0.49367886781692505,0.0035919540229885057,-0.5636029965781866,0,0
785,0,1,1,0.9717541251576568,0.4998123347759247,0.0035919540229885057,-0.4144386107636646,0,0
786,0,1,1,0.9717541251576568,0.4961397647857666,0.0035919540229885057,-0.503754596421493,0,0
787,0,1,1,0.9717541251576568,0.5138064026832581,0.0035919540229885057,-0.07410637152640419,0,0
788,0,1,1,0.9717541251576568,0.4986948072910309,0.0035919540229885057,-0.44161660031334976,0,0
789,0,1,1,0.9717541251576568,0.49316394329071045,0.0035919540229885057,-0.5761258325544909,0,0
790,0,1,1,0.9717541251576568,0.498085618019104,0.0035919540229885057,-0.4564319313812764,0,0
791,0,1,1,0.9717541251576568,0.5043937563896179,0.0035919540229885057,-0.30301958042859495,0,0
792,0,1,1,0.9717541251576568,0.5040495991706848,0.0035919540229885057,-0.3113893981073982,0,0
793,0,1,1,0.9717541251576568,0.5005398988723755,0.0035919540229885057,-0.39674443350417177,0,0
794,0,1,1,0.9717541251576568,0.4939451217651367,0.0035919540229885057,-0.5571277670022923,0,0
795,0,1,1,0.9717541251576568,0.5011959671974182,0.0035919540229885057,-0.38078901556330114,0,0
796,0,1,1,0.9717541251576568,0.49467742443084717,0.0035919540229885057,-0.5393183489209316,0,0
797,0,1,1,0.9717541251576568,0.4842979609966278,0.0035919540229885057,-0.7917443094093758,0,0
798,0,1,1,0.9717541251576568,0.49233970046043396,0.0035919540229885057,-0.5961712124941048,0,0
799,0,1,1,0.9717541251576568,0.5009231567382812,0.0035919540229885057,-0.3874236978486981,0,0
800,0,1,1,0.9717541251576568,0.48879072070121765,0.0035919540229885057,-0.682481514577808,0,0
801,0,1,1,0.9717541251576568,0.5026925802230835,0.0035919540229885057,-0.3443917602641895,0,0
802,0,1,1,0.9717541251576568,0.5005537271499634,0.0035919540229885057,-0.3964081332441298,0,0
803,0,1,1,0.9717541251576568,0.5144398808479309,0.0035919540229885057,-0.05870034064827451,0,0
804,0,1,1,0.9717541251576568,0.5025654435157776,0.0035919540229885057,-0.34748369325845474,0,0
805,0,1,1,0.9717541251576568,0.5118285417556763,0.0035919540229885057,-0.122207455703011,0,0
806,0,1,1,0.9717541251576568,0.518119752407074,0.0035919540229885057,0.030793217345136323,0,0
807,0,1,1,0.9717541251576568,0.49652010202407837,0.0035919540229885057,-0.4945048897002523,0,0
808,0,1,1,0.9717541251576568,0.5106953978538513,0.0035919540229885057,-0.14976523261532973,0,0
809,0,1,1,0.9717541251576568,0.5070123076438904,0.0035919540229885057,-0.23933706739340552,0,0
810,0,1,1,0.9717541251576568,0.49304983019828796,0.0035919540229885057,-0.5789010344848804,0,0
811,0,1,1,0.9717541251576568,0.5087152719497681,0.0035919540229885057,-0.19792140045521928,0,0
812,0,1,1,0.9717541251576568,0.5061627626419067,0.0035919540229885057,-0.259997789834691,0,0
813,0,1,1,0.9717541251576568,0.520328938961029,0.0035919540229885057,0.08452008302701425,0,0
814,0,1,1,0.9717541251576568,0.5131007432937622,0.0035919540229885057,-0.09126783177914952,0,0
815,0,1,1,0.9717541251576568,0.523237943649292,0.0035919540229885057,0.1552663510931715,0,0
816,0,1,1,0.9717541251576568,0.520145058631897,0.0035919540229885057,0.08004815931050784,0,0
817,0,1,1,0.9717541251576568,0.5354995727539062,0.0035919540229885057,0.45346611098452694,0,0
818,0,1,1,0.9717541251576568,0.5243287682533264,0.0035919540229885057,0.18179493324415485,0,0
819,0,1,1,0.9717541251576568,0.5243027210235596,0.0035919540229885057,0.18116147111640338,0,0
820,0,1,1,0.9717541251576568,0.5274432301521301,0.0035919540229885057,0.25753786939809087,0,0
821,0,1,1,0.9717541251576568,0.5386099219322205,0.0035919540229885057,0.5291090268025022,0,0
822,0,1,1,0.9717541251576568,0.5263179540634155,0.0035919540229885057,0.23017143573717536,0,0
823,0,1,1,0.9717541251576568,0.5292918682098389,0.0035919540229885057,0.30249628562740893,0,0
824,0,1,1,0.9717541251576568,0.5032694935798645,0.0035919540229885057,-0.3303613713980419,0,0
825,0,1,1,0.9717541251576568,0.5028993487358093,0.0035919540229885057,-0.33936320163451017,0,0
826,0,1,1,0.9717541251576568,0.5213345885276794,0.0035919540229885057,0.10897722952454944,0,0
827,0,1,1,0.9717541251576568,0.5134842395782471,0.0035919540229885057,-0.08194129784333032,0,0
828,0,1,1,0.9717541251576568,0.5049411654472351,0.0035919540229885057,-0.28970672875520925,0,0
829,0,1,1,0.9717541251576568,0.5261968374252319,0.0035919540229885057,0.22722590932163533,0,0
830,0,1,1,0.9717541251576568,0.5020427107810974,0.0035919540229885057,-0.36019642291607584,0,0
831,0,1,1,0.9717541251576568,0.516608476638794,0.0035919540229885057,-0.005960632195226689,0,0
832,0,1,1,0.9717541251576567,0.5139793753623962,0.0035919540229886167,-0.0698997190801956,0,0
833,0,1,1,0.9717541251576567,0.5157095789909363,0.003591954022988589,-0.027821598626407942,0,0
