frame,label,valid,inference_valid,phase,feature_raw,time_raw,score,alarm,evidence_type
8,0,0,0,0.0812246080150735,0.4197354018688202,nan,nan,0,0
9,0,0,0,0.0791926275153334,0.42446425557136536,nan,nan,0,0
10,0,0,0,0.07723795541437543,0.4351934790611267,nan,nan,0,0
11,0,0,0,0.07302390900190174,0.4298337399959564,nan,nan,0,0
12,0,0,0,0.07113034094368281,0.42282626032829285,0.010131388065976726,1.0192395533084122,0,0
13,0,0,0,0.0726868745525591,0.4186514616012573,0.006111163689093205,0.19432553814789233,0,0
14,0,0,0,0.06809169538313117,0.42352572083473206,0.009020028617987102,0.8345228211974463,0,0
15,0,0,0,0.07787265645166995,0.423642635345459,0.0034966869518694215,-0.1620201424752155,0,0
16,0,0,0,0.07286102895955175,0.4266243577003479,0.004124202075212409,0.02120283085771886,0,0
17,0,0,0,0.08268758119612689,0.41727662086486816,0.006217563336410384,0.18144016152756237,0,0
18,0,0,0,0.069723321465495,0.42396485805511475,0.009246873055113456,0.8858274615651036,0,0
19,0,1,1,0.07804431095629825,0.4409608542919159,0.005212362610285245,0.5531678001139547,0,0
20,0,1,1,0.07302022319419015,0.424722284078598,0.006612460728318499,0.42691687927078664,0,0
21,0,1,1,0.08145387635402186,0.4307052195072174,0.005483478767449124,0.36250605354959586,0,0
22,0,1,1,0.08037562966610505,0.41834521293640137,0.0034702698580610153,-0.2906196401978465,0,0
23,0,1,1,0.07932311377068109,0.4082270860671997,0.003488623169413606,-0.5237968438849985,0,0
24,0,1,1,0.079042502957916,0.4050094187259674,0.0032302384747941665,-0.6457521252505428,0,0
25,0,1,1,0.07939305743851409,0.41847530007362366,0.004247677271655437,-0.14693150450655562,0,0
26,0,1,1,0.08234275416977396,0.41968122124671936,0.0017525773692844294,-0.5701548935748466,0,0
27,0,1,1,0.08344148111716655,0.41104164719581604,0.0008075768860062449,-0.943061602868313,0,0
28,0,1,1,0.08285533678126966,0.41461920738220215,0.0017915661625615116,-0.6814188851807091,0,0
29,0,1,1,0.08664733831938896,0.42277348041534424,0.0010501072587050086,-0.6249674433198426,0,0
30,0,1,1,0.08205833929158969,0.41819125413894653,0.005355342328298607,0.046826602292236216,0,0
31,0,1,1,0.0902848744145249,0.4143664836883545,0.00294229651418271,-0.47913734664054086,0,0
32,0,1,1,0.08531607071121908,0.4136984646320343,0.003929439614082024,-0.31615877049230917,0,0
33,0,1,1,0.08702908276419104,0.40756794810295105,0.0031078414873739685,-0.6080938300719119,0,0
34,0,1,1,0.08465893961298192,0.4218991994857788,0.005105106205387772,0.08822246826813168,0,0
35,0,1,1,0.08759078831139791,0.4157683253288269,0.0035709411319301172,-0.3326376218413923,0,0
36,0,1,1,0.08113485315550825,0.4200236201286316,0.008605821217427739,0.6777280526953445,0,0
37,0,1,1,0.08175005074882823,0.4266969859600067,0.006945319235180073,0.5332932119940558,0,0
38,0,1,1,0.08501523630423452,0.4141349196434021,0.0037779876142062675,-0.333357715219459,0,0
39,0,1,1,0.08158145055930369,0.41363516449928284,0.005883235593677022,0.035839863433710734,0,0
40,0,1,1,0.08693410775210486,0.4183887541294098,0.0014491019224078987,-0.655268958232612,0,0
41,0,1,1,0.08118765801229877,0.4203999638557434,0.006224507351807557,0.25570042177029667,0,0
42,0,1,1,0.08558239007135712,0.4362218677997589,0.003168152333548311,0.07256451454367274,0,0
43,0,1,1,0.08283804669607245,0.41979074478149414,0.004575308925682181,-0.05691006033918469,0,0
44,0,1,1,0.08417680235400708,0.4077813923358917,0.0035507023019397373,-0.5229830630532851,0,0
45,0,1,1,0.08080012921456883,0.4045894742012024,0.006238049091853532,-0.11139863922981907,0,0
46,0,1,1,0.08296390422769548,0.408750981092453,0.004340888581260045,-0.35736076615071755,0,0
47,0,1,1,0.08701319468905652,0.4169272184371948,0.0022494855111491897,-0.5446260546395499,0,0
48,0,1,1,0.08239668917657392,0.41467446088790894,0.00493377246774655,-0.1116435913083596,0,0
49,0,1,1,0.08874387546632566,0.4132666289806366,0.002429883336924306,-0.5975500926570237,0,0
50,0,1,1,0.08539416072211439,0.42451611161231995,0.003539163354361839,-0.1339190302404257,0,0
51,0,1,1,0.09077637244161933,0.4141894280910492,0.002709945868771179,-0.5253123561084003,0,0
52,0,1,1,0.08163145941837933,0.41432443261146545,0.008788269056267504,0.5775254017306435,0,0
53,0,1,1,0.08823575704591066,0.42049461603164673,0.004576421998355496,-0.040256637187713745,0,0
54,0,1,1,0.08470083613902568,0.41418758034706116,0.005498462042096526,-0.02086087925542046,0,0
55,0,1,1,0.08522200032648838,0.4081284701824188,0.00470605995773386,-0.30584480128364644,0,0
56,0,1,1,0.08085696706541975,0.4164949059486389,0.007682500190019756,0.42820306452639073,0,0
57,0,1,1,0.08477237000323894,0.42431357502937317,0.004812784828272607,0.09176886441781329,0,0
58,0,1,1,0.07579411262678197,0.4231331944465637,0.011685884779749729,1.307651220738072,0,0
59,0,1,1,0.0821573087129542,0.4124910533428192,0.005559215054004977,-0.04952357045845762,0,0
60,0,1,1,0.07483705405736896,0.4046744108200073,0.009650089567718272,0.507888499638858,0,0
61,0,1,1,0.08366166559506855,0.4065309166908264,0.004793018812608235,-0.32745299270182643,0,0
62,0,1,1,0.08287864832988698,0.4160859286785126,0.003078561101370259,-0.4142948142431139,0,0
63,0,1,1,0.09178954645950478,0.4148823320865631,0.007313923262696589,0.32382885963706043,0,0
64,0,1,1,0.08411691074981938,0.4268462657928467,0.0045331370114608605,0.10037360412976787,0,0
65,0,1,1,0.09012223316243773,0.41914406418800354,0.0031890246136082228,-0.3228300807922973,0,0
66,0,1,1,0.08863678796297457,0.40535473823547363,0.003010664330961316,-0.6774058086089394,0,0
67,0,1,1,0.08776733125497414,0.4259081482887268,0.0044909923516984725,0.07082160802922674,0,0
68,0,1,1,0.08597900906855603,0.41493988037109375,0.005273760736983932,-0.04392953756012362,0,0
69,0,1,1,0.09250161772051968,0.40528708696365356,0.0026899518096659292,-0.7370099524871703,0,0
70,0,1,1,0.08672722000110758,0.4102974534034729,0.005585920523637042,-0.09596451201047548,0,0
71,0,1,1,0.08852370217303072,0.4180375635623932,0.0034918966426110178,-0.2938978428500334,0,0
72,0,1,1,0.08743590417517766,0.4148292541503906,0.004588937088614351,-0.17041266780000072,0,0
73,0,1,1,0.09094582105790705,0.43699756264686584,0.0024798116193073573,-0.033838351034688574,0,0
74,0,1,1,0.0882332749514894,0.43268880248069763,0.003766840923304868,0.09829779529832325,0,0
75,0,1,1,0.08717766509974208,0.42489540576934814,0.005198964512647644,0.17523549726145463,0,0
76,0,1,1,0.08571772793611852,0.41450342535972595,0.006322392407949029,0.13558596903374412,0,0
77,0,1,1,0.08866228048099169,0.4203438460826874,0.003702181271149966,-0.20194716117907097,0,0
78,0,1,1,0.0894641682894803,0.415778785943985,0.002011961418079143,-0.614441671040185,0,0
79,0,1,1,0.09581120853728203,0.41115298867225647,0.004463794062710388,-0.2789811594100345,0,0
80,0,1,1,0.0860838579676329,0.42869555950164795,0.0074219423663237204,0.6662372188588456,0,0
81,0,1,1,0.09088949140848737,0.43405652046203613,0.00439226734917739,0.24341769425370613,0,0
82,0,1,1,0.09261953552499118,0.4169462323188782,0.0035122884718559056,-0.3157169858055599,0,0
83,0,1,1,0.08840513542086467,0.41324469447135925,0.006537841961722216,0.14514366969758552,0,0
84,0,1,1,0.09035514772286603,0.4202454388141632,0.002992926727019455,-0.33256469519486437,0,0
85,0,1,1,0.0908454343390636,0.41378048062324524,0.003313847203227219,-0.42561392299709266,0,0
86,0,1,1,0.08863556971637318,0.4138997793197632,0.005512697558561691,-0.025012371859468252,0,0
87,0,1,1,0.08934218300945805,0.42989468574523926,0.0038100928133223246,0.04081413467115036,0,0
88,0,1,1,0.08560923753984831,0.4269042909145355,0.007777300180080407,0.6886595819678685,0,0
89,0,1,1,0.09619410077290916,0.42623212933540344,0.004193270600202892,0.024530804660934782,0,0
90,0,1,1,0.08783750565992784,0.4168870449066162,0.005699721122707818,0.07864701562870717,0,0
91,0,1,1,0.09540458070382285,0.41713082790374756,0.0038984115790370493,-0.24154542841718626,0,0
92,0,1,1,0.09236170320192408,0.4129187762737274,0.003819593764641283,-0.3542561074281012,0,0
93,0,1,1,0.0945454159593469,0.4209822416305542,0.0035682589583177294,-0.21125456855881738,0,0
94,0,1,1,0.08510364485557192,0.4238332211971283,0.011025610548672,1.2045574658615064,0,0
95,0,1,1,0.0926695160797349,0.41325223445892334,0.005840818930903841,0.019215420101336866,0,0
96,0,1,1,0.0855310922834183,0.42317959666252136,0.009230931763714641,0.864588951111131,0,0
97,0,1,1,0.09188698242765243,0.4299771189689636,0.0048634395296205885,0.23331099839605168,0,0
98,0,1,1,0.09259816771902464,0.420229971408844,0.0027620495375016074,-0.3746962214555316,0,0
99,0,1,1,0.09493689268910573,0.41352900862693787,0.0024133739523650227,-0.5944041759915593,0,0
100,0,1,1,0.08996223059473743,0.42277154326438904,0.004868007208051359,0.06571669779401873,0,0
101,0,1,1,0.09382736877990105,0.4231383502483368,0.00332483188870163,-0.20489892223088657,0,0
102,0,1,1,0.09178793458962127,0.4005225598812103,0.004635184379059462,-0.49644548125778826,0,0
103,0,1,1,0.10140050312463142,0.4160541594028473,0.005179942438301557,-0.0348582407289474,0,0
104,0,1,1,0.09377206857189546,0.41073837876319885,0.004064394723315848,-0.36093091188971127,0,0
105,0,1,1,0.0942813035281648,0.42171889543533325,0.00450761926133601,-0.024088446630593553,0,0
106,0,1,1,0.08875772269249696,0.423254132270813,0.010144683784069795,1.0316459305226704,0,0
107,0,1,1,0.08692727947013279,0.42352432012557983,0.011217574032152868,1.2320670971918837,0,0
108,0,1,1,0.08917861946736094,0.4118672013282776,0.0057552073153164275,-0.028646614320848945,0,0
109,0,1,1,0.08618293772691418,0.4217875897884369,0.007195247585613182,0.46375936075481844,0,0
110,0,1,1,0.08878654633691807,0.41781947016716003,0.0031504610257008826,-0.36076756492457984,0,0
111,0,1,1,0.0852977885123087,0.41445469856262207,0.006063011261011314,0.08752015069415295,0,0
112,0,1,1,0.08716317203098548,0.4147835373878479,0.00400455595761923,-0.2772066987481412,0,0
113,0,1,1,0.09077204700494382,0.4154798984527588,0.0020639124893299266,-0.6120288464968804,0,0
114,0,1,1,0.09056089775938776,0.4238937199115753,0.0017744081996419053,-0.4677437756561164,0,0
115,0,1,1,0.0927580727942853,0.40883880853652954,0.0011614111589150393,-0.9305347758248552,0,0
116,0,1,1,0.08871166368869529,0.41039565205574036,0.005193837731693821,-0.16460435125924944,0,0
117,0,1,1,0.0960106915842449,0.4332752227783203,0.001972308178168603,-0.21265991142582436,0,0
118,0,1,1,0.08792547609702035,0.4252249002456665,0.0076768093826214525,0.6312254124890484,0,0
119,0,1,1,0.08644331670493115,0.4210456609725952,0.008500113359118818,0.6824923620221717,0,0
120,0,1,1,0.0891895637381847,0.4320368766784668,0.004829910015555789,0.275388960019349,0,0
121,0,1,1,0.09046292938526618,0.42307716608047485,0.0035943113997897137,-0.15757514273943332,0,0
122,0,1,1,0.09040605333133102,0.4139769673347473,0.0016912221730080836,-0.7145844880377027,0,0
123,0,1,1,0.09241014116494077,0.42753469944000244,0.0007007807717971659,-0.5768800140312886,0,0
124,0,1,1,0.08340160314186927,0.4137331247329712,0.01080752278604989,0.929025091722795,0,0
125,0,1,1,0.08958832159217248,0.42558929324150085,0.005548782607221723,0.25474281526845644,0,0
126,0,1,1,0.08911684033846537,0.41821447014808655,0.004847480481204157,-0.044512449623275205,0,0
127,0,1,1,0.08637410378302189,0.42293107509613037,0.005847076799328593,0.2465775187769582,0,0
128,0,1,1,0.08492390024618066,0.4312696158885956,0.005788270990690095,0.43084066957593725,0,0
129,0,1,1,0.08487909564808557,0.4432258903980255,0.0062136498648630275,0.7872615531341159,0,0
130,0,1,1,0.08977965006591523,0.424478143453598,0.002858768666000643,-0.2579025940210451,0,0
131,0,1,1,0.08805700044062163,0.42394503951072693,0.0021763118052403564,-0.39383237894291395,0,0
132,0,1,1,0.09157125224123688,0.4263928234577179,0.001610367139582171,-0.4390086703161201,0,0
133,0,1,1,0.094048082040996,0.4235939085483551,0.0019053348452953821,-0.45106438870536886,0,0
134,0,1,1,0.0935473722686231,0.4304030239582062,0.0014985914517654953,-0.36549791589037506,0,0
135,0,1,1,0.08977950920660858,0.421168714761734,0.005618371564249336,0.16400765770052997,0,0
136,0,1,1,0.09163369975181515,0.42932701110839844,0.004403512678545069,0.13490623927052786,0,0
137,0,1,1,0.09468380337634584,0.43639472126960754,0.0029823429469942476,0.04298834387625988,0,0
138,0,1,1,0.08709886859178953,0.436495304107666,0.008904181582047142,1.1167105623268592,0,0
139,0,1,1,0.09175790996427172,0.42102479934692383,0.004244144171999965,-0.08797957822336934,0,0
140,0,1,1,0.09324313428647894,0.4248604476451874,0.003301962752220335,-0.16878465661898046,0,0
141,0,1,1,0.09464379363223487,0.4419347941875458,0.002267539776690891,0.04315888035682253,0,0
142,0,1,1,0.09848345706290594,0.42693832516670227,0.003205576421223713,-0.13765514101643198,0,0
143,0,1,1,0.10138464624386939,0.4366641044616699,0.003260618484408009,0.0996300580252315,0,0
144,0,1,1,0.09342157238119317,0.4327322244644165,0.007109139448167641,0.7039969634682224,0,0
145,0,1,1,0.09588252581983335,0.43233659863471985,0.005204881447928373,0.3502338958199518,0,0
146,0,1,1,0.09196502570194393,0.4303000569343567,0.008919978697995042,0.9747629526432258,0,0
147,0,1,1,0.09429532567659127,0.4252561032772064,0.005406830065833163,0.2212730798011709,0,0
148,0,1,1,0.08978406268270121,0.4223877787590027,0.007699003735177718,0.5689268715321867,0,0
149,0,1,1,0.09402388675682437,0.43065500259399414,0.00395132346889546,0.08413678622201054,0,0
150,0,1,1,0.08225710386297694,0.41644132137298584,0.013851925364526755,1.5431148561336427,0,0
151,0,1,1,0.08782303415940067,0.4156171381473541,0.007923588951975442,0.4513038786855747,0,0
152,0,1,1,0.0856496284101015,0.4287230372428894,0.0066738281427296915,0.5315316363852001,0,0
153,0,1,1,0.0865889061096365,0.4189504384994507,0.004452189920214554,-0.09882562190248063,0,0
154,0,1,1,0.08007051899783378,0.42393985390663147,0.00910110316068363,0.8588705261996026,0,0
155,0,1,1,0.08750001690541866,0.41696420311927795,0.00412131718600767,-0.20511227134062487,0,0
156,0,1,1,0.08697967813885794,0.4137931764125824,0.003582341451194844,-0.3767415509846077,0,0
157,0,1,1,0.0851957121876124,0.43472349643707275,0.00408844605440903,0.2040404165157582,0,0
158,0,1,1,0.08411620783518597,0.4385482966899872,0.0044122277452332105,0.3520181545632341,0,0
159,0,1,1,0.08529613489186205,0.42720848321914673,0.0042437228978951915,0.056479531799461594,0,0
160,0,1,1,0.08140130086085448,0.43336954712867737,0.007587586425513629,0.8054535225574855,0,0
161,0,1,1,0.08848717355685187,0.43293601274490356,0.0021207131237557303,-0.19373926465582975,0,0
162,0,1,1,0.08057122515967065,0.4296334981918335,0.007845933149506459,0.7648681320570021,0,0
163,0,1,1,0.08375426487270562,0.41567254066467285,0.004649776819512428,-0.13969493145064943,0,0
164,0,1,1,0.0801809189047483,0.43282192945480347,0.006964526230760865,0.6799304650309475,0,0
165,0,1,1,0.07720524688805686,0.43332618474960327,0.00963510275842577,1.1748739373821115,0,0
166,0,1,1,0.07890187138525612,0.4431820511817932,0.005247918038029643,0.6115179427861139,0,0
167,0,1,1,0.07721291887330496,0.43214792013168335,0.006389610662375267,0.5601634342813355,0,0
168,0,1,1,0.08010209872031071,0.42949968576431274,0.002591293434424522,-0.18892203559432888,0,0
169,0,1,1,0.08035355077482442,0.4209551513195038,0.0017274715564605898,-0.5449205952954019,0,0
170,0,1,1,0.07637158210012165,0.4305081069469452,0.006362981861290915,0.5170173503634596,0,0
171,0,1,1,0.07745389116283176,0.42524370551109314,0.0046481004772971875,0.08371494294977332,0,0
172,0,1,1,0.07634087579531897,0.423308789730072,0.00582135891719168,0.25075324703990926,0,0
173,0,1,1,0.0785968762229557,0.44115033745765686,0.003034662167527697,0.16361002560557675,0,0
174,0,1,1,0.07338524687917868,0.44703924655914307,0.007397513464116862,1.0905766844805096,0,0
175,0,1,1,0.08026649890135763,0.4406859874725342,0.00249191284319392,0.05456297542220606,0,0
176,0,1,1,0.07671442021502481,0.4319056272506714,0.00425271331639412,0.16789551553128235,0,0
177,0,1,1,0.0737052136501408,0.4329516291618347,0.007127500927476921,0.7124471889395898,0,0
178,0,1,1,0.07753682505389542,0.4282338321208954,0.0032703887777981618,-0.09564863551949215,0,0
179,0,1,1,0.07549180869562366,0.44368594884872437,0.005155884782469517,0.6066453405736021,0,0
180,0,1,1,0.07501048046547988,0.42798444628715515,0.00444354046117981,0.11076735877623689,0,0
181,0,1,1,0.07646071263411787,0.4266824424266815,0.002574048634876872,-0.25789123078901616,0,0
182,0,1,1,0.07366766355927895,0.43854594230651855,0.006049247175988756,0.6481305186423731,0,0
183,0,1,1,0.07642152738248054,0.42481541633605957,0.002986634086136159,-0.2268860491942843,0,0
184,0,1,1,0.08069457968662551,0.418887734413147,0.0017822821486549612,-0.5833274358189331,0,0
185,0,1,1,0.09123131697234346,0.4354192912578583,0.01082824213372924,1.439658698830117,0,0
186,0,1,1,0.11433649646725869,0.44186124205589294,0.030240770544088087,5.102319685159811,0,0
187,0,1,1,0.1699512025869371,0.47442588210105896,0.07568826843677155,14.085775850735685,0,0
188,0,1,1,0.17010885425316094,0.49269238114356995,0.05310306627336703,10.426645830451502,0,0
189,0,1,1,0.26367880310438613,0.43134137988090515,0.12367988151147256,21.761312621872424,0,2
190,0,1,1,0.24407675403471105,0.4259491562843323,0.07148537624822204,12.192315620724852,0,0
191,0,1,1,0.31842014408227165,0.44278520345687866,0.10287428656448433,18.26467589134778,0,2
192,0,1,1,0.3093032512644425,0.42979317903518677,0.061916995586333845,10.551065703155627,0,0
193,0,1,1,0.3275662818068804,0.4504343867301941,0.04010458966243905,7.087254591886864,0,0
194,0,1,1,0.3254496765142222,0.4403109550476074,0.023792808145084055,3.8995269569444035,0,0
195,0,1,1,0.3294968841933945,0.44538623094558716,0.006191572169390192,0.8337623517524757,0,0
196,0,1,1,0.3328078330632806,0.4551205337047577,0.006261855595557172,1.0740042226242819,0,0
197,0,1,1,0.3409901336521623,0.4568568766117096,0.008568010734729351,1.5318154557204506,0,0
198,0,1,1,0.3530663101413937,0.4504978656768799,0.017288224262640317,2.9608316154134013,0,0
199,0,1,1,0.3699644197147757,0.46099036931991577,0.02728217542922945,5.014172285114956,0,0
200,0,1,1,0.37076465204961245,0.4514584243297577,0.0182837985209002,3.1634013677889383,0,0
201,0,1,1,0.3870660477662023,0.49655717611312866,0.024777714853727734,5.392395044321814,0,0
202,0,1,1,0.3812308627769329,0.5034074187278748,0.011059534635180748,3.0706352304208124,0,0
203,0,1,1,0.3869991028597879,0.49991321563720703,0.007620907322321129,2.3668509996302234,0,0
204,0,1,1,0.3767743784363278,0.48623695969581604,0.00846404192476149,2.199725638140851,0,0
205,0,1,1,0.3846988664479494,0.49340617656707764,0.005154538736064963,1.7685455295351982,0,0
206,0,1,1,0.37030174059315896,0.4616040885448456,0.01571601606007904,2.935982863426455,0,0
207,0,1,1,0.37482192339514053,0.4393070340156555,0.010005253308547072,1.3816354255234309,0,0
208,0,1,1,0.3541581904115146,0.44525325298309326,0.026082990829618076,4.429383378479842,0,0
209,0,1,1,0.3535420205399968,0.4436919093132019,0.021045113694932588,3.4814429803989224,0,0
210,0,1,1,0.34674181720751107,0.4436914622783661,0.02005610555043015,3.3025024834903283,0,0
211,0,1,1,0.33991260898818,0.44875338673591614,0.020995332923349264,3.5907419629259385,0,0
212,0,1,1,0.33951572384426465,0.4549656808376312,0.012664889465524463,2.2288131804174056,0,0
213,0,1,1,0.33880968819628066,0.45274898409843445,0.009710308471695971,1.6424619702724916,0,0
214,0,1,1,0.33877441881654247,0.4488402009010315,0.0060624947655051305,0.8911417587229583,0,0
215,0,1,1,0.337186253700514,0.443511039018631,0.0056588102837914185,0.6935456754834914,0,0
216,0,1,1,0.33786272421965524,0.43279266357421875,0.004300750942733714,0.19731970520295683,0,0
217,0,1,1,0.3413154077641455,0.432079553604126,0.0020705638823588658,-0.2228307842527393,0,0
218,0,1,1,0.34490135091747726,0.45554056763648987,0.0025246957692744458,0.40769993013893263,0,0
219,0,1,1,0.3532057511409073,0.458396315574646,0.009297362967470803,1.6997512223726365,0,0
220,0,1,1,0.35422935272154443,0.4503311812877655,0.006522680202288741,1.0092475696355816,0,0
221,0,1,1,0.360077111794804,0.445732444524765,0.008072192135796855,1.1820939123611776,0,0
222,0,1,1,0.3640892332274508,0.4458943009376526,0.0073938875607790526,1.0631591207889204,0,0
223,0,1,1,0.3711662759729704,0.4708687961101532,0.00967395972880528,2.0594121347762515,0,0
224,0,1,1,0.38958909178950146,0.4832502603530884,0.02360664433732055,4.869495183310896,0,0
225,0,1,1,0.3979406078192297,0.4870942234992981,0.023118225600059522,4.870978598926836,0,0
226,0,1,1,0.4044648937285169,0.46076294779777527,0.020176637503240308,3.7233320690471143,0,0
227,0,1,1,0.4062964320910486,0.4788593351840973,0.011914260740505476,2.651492582858321,0,0
228,0,1,1,0.41377836817300606,0.4514315724372864,0.01061365779294338,1.775102004428202,0,0
229,0,1,1,0.4152720895685607,0.4557732939720154,0.006060060092621891,1.0527530433515766,0,0
230,0,1,1,0.4274891192574879,0.4520072340965271,0.013944219344216332,2.3911181242147626,0,0
231,0,1,1,0.425252799897109,0.44380462169647217,0.007788394086381833,1.085689267905912,0,0
232,0,1,1,0.43194303540730217,0.44119709730148315,0.007902987160272771,1.0454739060838891,0,0
233,0,1,1,0.42187269434291086,0.4402149021625519,0.0071352598814768495,0.8836202046121487,0,0
234,0,1,1,0.4098171934984538,0.4380122125148773,0.02041417275073719,3.234538673876665,0,0
235,0,1,1,0.38722633760780895,0.4393044710159302,0.038587047201623516,6.552555943611509,0,0
236,0,1,1,0.4103776121721308,0.44240570068359375,0.016786403542539886,2.6808993572724646,0,0
237,0,1,1,0.40641128173184815,0.4358380436897278,0.012659822149290675,1.7808135147649582,0,0
238,0,1,1,0.4249448567784214,0.4595277011394501,0.017894796502872456,3.2816321713549534,0,0
239,0,1,1,0.4209672375092078,0.44954296946525574,0.01284246185287145,2.134190728699866,0,0
240,0,1,1,0.4267056324001261,0.4562487006187439,0.007994825127578643,1.4139001731710037,0,0
241,0,1,1,0.42738375924459093,0.45913803577423096,0.005349601679775168,1.002864177026117,0,0
242,0,1,1,0.4248248139901351,0.44820913672447205,0.003767511515939956,0.46118613875530545,0,0
243,0,1,1,0.4296030069497085,0.44818899035453796,0.0020743350363435498,0.1543879905569679,0,0
244,0,1,1,0.4276663173000411,0.43867722153663635,0.003054939869087514,0.10947286912755272,0,0
245,0,1,1,0.42950245816161614,0.44672471284866333,0.0018422995306285129,0.0781829080950468,0,0
246,0,1,1,0.4299421450297085,0.4576501250267029,0.0015489580936552368,0.2804788356567848,0,0
247,0,1,1,0.4283943798330171,0.4483714997768402,0.004376056050239979,0.5750782314914211,0,0
248,0,1,1,0.43123900428537504,0.4333359897136688,0.0019331962402904558,-0.21831564589543617,0,0
249,0,1,1,0.4289080960617327,0.4222860634326935,0.004453354788684996,-0.02064911127984987,0,0
250,0,1,1,0.4298563410154273,0.43832874298095703,0.0033565193100195236,0.15588900412254725,0,0
251,0,1,1,0.4332489385287198,0.4412109851837158,0.001654018369503395,-0.08475666861242559,0,0
252,0,1,1,0.43774785766964713,0.4379712641239166,0.003342808673844902,0.1450529045457761,0,0
253,0,1,1,0.43519330752000734,0.43201595544815063,0.0016213081711063514,-0.30559605623521724,0,0
254,0,1,1,0.44172342001572334,0.45168524980545044,0.004119854809284426,0.6061811087150147,0,0
255,0,1,1,0.44196330424096014,0.43300408124923706,0.0020388671045631418,-0.20695572831697934,0,0
256,0,1,1,0.4444797220447022,0.4342453181743622,0.0017894262548351818,-0.22307198733287925,0,0
257,0,1,1,0.4447752796769283,0.45176973938941956,0.0015740356614781454,0.14756969966873879,0,0
258,0,1,1,0.4441223901813287,0.43805497884750366,0.0027049953362383,0.03161727689697219,0,0
259,0,1,1,0.4456019681941697,0.4383969008922577,0.0018465580666214045,-0.11569809110191592,0,0
260,0,1,1,0.44843229055371164,0.4341887831687927,0.0013194424457284738,-0.3094222677408115,0,0
261,0,1,1,0.4487988296888064,0.43282759189605713,0.0008708029637853609,-0.4224055530794051,0,0
262,0,1,1,0.4507803830176415,0.43459352850914,0.0007122947173793708,-0.4098062532500032,0,0
263,0,1,1,0.4518435859891173,0.43479716777801514,0.0004845781174965596,-0.44624464482845017,0,0
264,0,1,1,0.4505984909489665,0.4375959634780884,0.0029572353863412367,0.06652334449087854,0,0
265,0,1,1,0.4527820523389258,0.43468236923217773,0.001688613985577573,-0.23109532705098662,0,0
266,0,1,1,0.45081503365361403,0.4300331771373749,0.00427804844303725,0.12871310028155064,0,0
267,0,1,1,0.4504808866042904,0.43141278624534607,0.004620858151353988,0.2229802948897092,0,0
268,0,1,1,0.4523759533481317,0.4218045473098755,0.002614259128628952,-0.364630664889312,0,0
269,0,1,1,0.45356149465511975,0.4351782202720642,0.0017474632703284683,-0.20885853835419854,0,0
270,0,1,1,0.4549895970589149,0.42011842131614685,0.0005098818428816865,-0.7847627620070973,0,0
271,0,1,1,0.4545971917231769,0.4308027923107147,0.0018467452164257605,-0.29316634665179486,0,0
272,0,1,1,0.45484683506072904,0.43189361691474915,0.0026261781585953077,-0.12665580379486174,0,0
273,0,1,1,0.45564462140921724,0.414244145154953,0.0024461122382564123,-0.571765850229969,0,0
274,0,1,1,0.4534860820258219,0.4348739683628082,0.005125433310176117,0.39516786174459356,0,0
275,0,1,1,0.45684521068884776,0.4291101396083832,0.002351599415792247,-0.24139228059169895,0,0
276,0,1,1,0.45363756760549256,0.4358348846435547,0.0051600737136499155,0.4238950885632631,0,0
277,0,1,1,0.45450208560362304,0.4381897747516632,0.003993238851710349,0.26783526698394,0,0
278,0,1,1,0.4550722543342146,0.41663143038749695,0.003137436169720201,-0.3908928429372859,0,0
279,0,1,1,0.45440032543029507,0.4153844118118286,0.004205908150737928,-0.22673369105943136,0,0
280,0,1,1,0.4540698014827039,0.4230538308620453,0.0039252107836909,-0.0982546924417783,0,0
281,0,1,1,0.4562115396570834,0.43157222867012024,0.0022440093612063096,-0.20330929783908686,0,0
282,0,1,1,0.4534220014050579,0.4374498724937439,0.0051084328440048595,0.45230046802717616,0,0
283,0,1,1,0.45797201607845006,0.4389297068119049,0.0017024714704218825,-0.129312423315888,0,0
284,0,1,1,0.4544286099972177,0.4260307252407074,0.004582183681594629,0.09018489510570218,0,0
285,0,1,1,0.4555561016696407,0.4200993776321411,0.003544394137800025,-0.2362079235974932,0,0
286,0,1,1,0.45431253099476837,0.4317120611667633,0.004624105315811725,0.23056291795390427,0,0
287,0,1,1,0.45562237373624187,0.4330240488052368,0.0035368949717658306,0.06453221097613057,0,0
288,0,1,1,0.45600313792599123,0.4175340235233307,0.0025687201964644775,-0.4726872807781919,0,0
289,0,1,1,0.4576434028540584,0.43805596232414246,0.001423828910026518,-0.20014667441666062,0,0
290,0,1,1,0.4560829801944603,0.4247991740703583,0.003404335206293155,-0.15169575507888194,0,0
291,0,1,1,0.4574478404707757,0.41437292098999023,0.0024820872299007425,-0.5622473396005977,0,0
292,0,1,1,0.4554820605498041,0.4280158281326294,0.004904233834505803,0.1948489043854452,0,0
293,0,1,1,0.4598281139953956,0.4439871609210968,0.001882546963065588,0.021477811574079575,0,0
294,0,1,1,0.4553877251315017,0.4372701346874237,0.00541447769409571,0.5034685679113675,0,0
295,0,1,1,0.4591534686596796,0.4420442581176758,0.002639401359669464,0.11299415983345024,0,0
296,0,1,1,0.45545146483683885,0.43828657269477844,0.00560333127024491,0.5613935843560671,0,0
297,0,1,1,0.4591961574968081,0.4481661021709442,0.003004945207421259,0.32221777372645505,0,0
298,0,1,1,0.4576846071420726,0.44683653116226196,0.0032045509121229722,0.32725323321973815,0,0
299,0,1,1,0.45948592358365553,0.4366123676300049,0.0021597223893765095,-0.10075188949642355,0,0
300,0,1,1,0.4594809665542517,0.4385715126991272,0.002065525733580595,-0.07200143275842241,0,0
301,0,1,1,0.460376265390689,0.4411340653896332,0.0021776023264965224,0.00817155264631253,0,0
302,0,1,1,0.4599953504983272,0.43516984581947327,0.0028535441923284973,-0.008943579520891642,0,0
303,0,1,1,0.4597499577647094,0.4388079047203064,0.0036766227650099877,0.22500146241645694,0,0
304,0,1,1,0.4607227039911315,0.4422498345375061,0.002769885083851284,0.14140617638889325,0,0
305,0,1,1,0.4628466132905458,0.44190463423728943,0.00141152014248923,-0.11241601039778115,0,0
306,0,1,1,0.4616819926480598,0.44144412875175476,0.0027386177611071734,0.1169170402722341,0,0
307,0,1,1,0.4627175200670021,0.4307434558868408,0.0021247508795980393,-0.24425683843896948,0,0
308,0,1,1,0.46192479715887713,0.4326498806476593,0.0036593643632961666,0.07794353221996114,0,0
309,0,1,1,0.46463708193146563,0.42691728472709656,0.0018853544643406307,-0.37699974692530414,0,0
310,0,1,1,0.46301109867664864,0.4274234175682068,0.0033212032976910307,-0.10539769412862454,0,0
311,0,1,1,0.4640634750269607,0.43428856134414673,0.0026011034545261576,-0.07521366857123513,0,0
312,0,1,1,0.46345881001947736,0.42452141642570496,0.003542257201999158,-0.13323530250344578,0,0
313,0,1,1,0.46263171473336245,0.44007375836372375,0.004752855703264139,0.4492997381189961,0,0
314,0,1,1,0.4637072947376957,0.429442822933197,0.0031759338994051646,-0.08447874686213858,0,0
315,0,1,1,0.4644590003297308,0.42456790804862976,0.0025982773226317342,-0.30293221687605165,0,0
316,0,1,1,0.4635577155441954,0.44454869627952576,0.0035984434338596884,0.345040672910804,0,0
317,0,1,1,0.4642123007529177,0.4398675560951233,0.0029685846063168793,0.12167206461269109,0,0
318,0,1,1,0.46261513762603007,0.4400060772895813,0.004960894238093328,0.48535584080377214,0,0
319,0,1,1,0.46371113290826915,0.43957436084747314,0.003591859677937817,0.22758112175520406,0,0
320,0,1,1,0.4634670635774694,0.43915241956710815,0.003648962153372165,0.22804971407497396,0,0
321,0,1,1,0.46564441005310653,0.44883793592453003,0.0018192351192744573,0.12340388359988153,0,0
322,0,1,1,0.4625579723800919,0.4393704831600189,0.004893417684115412,0.4582919104352885,0,0
323,0,1,1,0.46599805192838445,0.43235906958580017,0.002440695793886869,-0.14933369576175576,0,0
324,0,1,1,0.4648868496873046,0.4338068962097168,0.003121978820446969,0.007764137863053688,0,0
325,0,1,1,0.4661559901511806,0.434432715177536,0.0022077848840297816,-0.14300294245103684,0,0
326,0,1,1,0.4659045653122022,0.430875301361084,0.0025871047475266697,-0.1575266756042915,0,0
327,0,1,1,0.4658995505680847,0.43425267934799194,0.0034287677246717775,0.07368756512331448,0,0
328,0,1,1,0.46567340831316667,0.4343746304512024,0.0036302846395148526,0.1129961830282448,0,0
329,0,1,1,0.4678490920793167,0.43889299035072327,0.002020691608307621,-0.07259865409424976,0,0
330,0,1,1,0.466685868747784,0.43157556653022766,0.0032377393433970615,-0.023446963120530018,0,0
331,0,1,1,0.4679127623779326,0.4396298825740814,0.0022061715721439197,-0.021817995336249785,0,0
332,0,1,1,0.467156498930261,0.43639859557151794,0.003465737972277461,0.1305340904130655,0,0
333,0,1,1,0.46874912436093435,0.437298059463501,0.0023218071066166725,-0.0554006083932565,0,0
334,0,1,1,0.4669689638838435,0.43672433495521545,0.004249053743372988,0.2798642674954157,0,0
335,0,1,1,0.46828733644888654,0.4249266982078552,0.0030014549623448407,-0.22160361116180857,0,0
336,0,1,1,0.467725292666643,0.42994752526283264,0.003657142262326896,0.014377575807082682,0,0
337,0,1,1,0.4680444532386618,0.42654144763946533,0.0034801801244035814,-0.09725068201029526,0,0
338,0,1,1,0.46778188828956624,0.4346100389957428,0.0035665772929309838,0.10697269333176837,0,0
339,0,1,1,0.46737423562787594,0.4406994879245758,0.004177461056051946,0.3598256882437627,0,0
340,0,1,1,0.4678681062735162,0.42681771516799927,0.003455315205158985,-0.09529182700934077,0,0
341,0,1,1,0.46747670971993677,0.42685726284980774,0.003882415160456798,-0.017097092763631846,0,0
342,0,1,1,0.46816841699655365,0.431143194437027,0.003048772004158648,-0.06774080314914438,0,0
343,0,1,1,0.468186116611623,0.4316541850566864,0.0031277045658361343,-0.04151670710454003,0,0
344,0,1,1,0.4697380140085996,0.43017148971557617,0.0018363353086869073,-0.309805545839585,0,0
345,0,1,1,0.46864252878915497,0.4187503457069397,0.0033417395680118258,-0.30440373485626493,0,0
346,0,1,1,0.46889224532127544,0.4264218211174011,0.003383477803195906,-0.11754204801397775,0,0
347,0,1,1,0.46802797818383546,0.4407009482383728,0.004428702021816303,0.405314005024546,0,0
348,0,1,1,0.46836558911102294,0.4484108090400696,0.004051556487681918,0.517289000320904,0,0
349,0,1,1,0.4690430737088706,0.43956896662712097,0.003030965665440086,0.1259788346884798,0,0
350,0,1,1,0.4692281835955236,0.4314424693584442,0.002945992008716006,-0.07934047390423105,0,0
351,0,1,1,0.468643554483762,0.42602676153182983,0.0036146056890396768,-0.08496068454367021,0,0
352,0,1,1,0.4676611310147574,0.4255598187446594,0.004750923233025864,0.10970622354111452,0,0
353,0,1,1,0.4689044708202185,0.42888495326042175,0.0033314689034983887,-0.0693790154553427,0,0
354,0,1,1,0.4672560181947503,0.4255017042160034,0.004945270806803567,0.14350898080842586,0,0
355,0,1,1,0.4687845825197434,0.4194110929965973,0.002969556489515985,-0.3562945234487864,0,0
356,0,1,1,0.46720988791445184,0.4226799011230469,0.00453361674590409,0.0030772044759018423,0,0
357,0,1,1,0.47000807657998533,0.42009109258651733,0.002303320833463244,-0.4609349195132364,0,0
358,0,1,1,0.4680107277673594,0.4175623655319214,0.0038958675578618348,-0.2319190754324577,0,0
359,0,1,1,0.46975439267380387,0.42585596442222595,0.002494321693194152,-0.2916331399842337,0,0
360,0,1,1,0.46930293827241637,0.42286884784698486,0.003034786984472221,-0.26367272104668343,0,0
361,0,1,1,0.46895927830172873,0.42491424083709717,0.0039017095446510055,-0.059021914769076866,0,0
362,0,1,1,0.4685108904526077,0.4281615912914276,0.004087897824207901,0.05056548948146693,0,0
363,0,1,1,0.4702725553981053,0.4363362491130829,0.0026137152181734714,-0.025070006579096193,0,0
364,0,1,1,0.4676806768515363,0.4143402576446533,0.005172692777666727,-0.0762299972858881,0,0
365,0,1,1,0.4698164673694351,0.4338323175907135,0.002980841358899606,-0.017176074662201057,0,0
366,0,1,1,0.4670823846147612,0.42573559284210205,0.005579716926148404,0.2637589685870378,0,0
367,0,1,1,0.4704990747916,0.43867847323417664,0.002795854573669685,0.06262875621172909,0,0
368,0,1,1,0.4680682035376665,0.4299618899822235,0.004293401392155183,0.12982449382099354,0,0
369,0,1,1,0.4695868145879485,0.42348310351371765,0.002912586733949025,-0.27142362576782086,0,0
370,0,1,1,0.46840674934479365,0.42681884765625,0.003994324061188878,0.002251414157870113,0,0
371,0,1,1,0.46989335525834175,0.42698150873184204,0.0028637214823252523,-0.1984937273494876,0,0
372,0,1,1,0.46902247254248997,0.41859856247901917,0.003558262162686146,-0.26877848243768115,0,0
373,0,1,1,0.4707865484086988,0.4425482749938965,0.0021964006761898726,0.04462778017647895,0,0
374,0,1,1,0.4689835685361379,0.43712201714515686,0.004135666875431679,0.2686457534362025,0,0
375,0,1,1,0.47153709886212614,0.42435285449028015,0.002284715705675903,-0.3646879595562244,0,0
376,0,1,1,0.46829322505732274,0.429526150226593,0.005381151053028968,0.3164338936602402,0,0
377,0,1,1,0.47113594905332706,0.43317317962646484,0.0030590863791372554,-0.018426555762568353,0,0
378,0,1,1,0.46906794084106734,0.42318758368492126,0.004511473559149615,0.010937488109507423,0,0
379,0,1,1,0.4702671101930443,0.4389336109161377,0.003333397283405021,0.1658437752447726,0,0
380,0,1,1,0.4697390005577254,0.43673816323280334,0.003544009751453467,0.1526318565589983,0,0
381,0,1,1,0.4707353031361977,0.4382495582103729,0.0029091510480818263,0.07310089074331899,0,0
382,0,1,1,0.4703703694391713,0.44040119647979736,0.0031739232658258816,0.1712947929418867,0,0
383,0,1,1,0.47069215457562197,0.4338298738002777,0.003177745278901187,0.018390402314823695,0,0
384,0,1,1,0.4694993933363986,0.4394599497318268,0.004476767613768984,0.385003290922653,0,0
385,0,1,1,0.4686927948803846,0.43474239110946655,0.005223464264451289,0.40982805057078553,0,0
386,0,1,1,0.4683459134338397,0.43199214339256287,0.005059718647042949,0.3159200536636456,0,0
387,0,1,1,0.4689122875835691,0.4301784038543701,0.0039872304959806095,0.07949318111637341,0,0
388,0,1,1,0.4695860454448663,0.4295983910560608,0.0028685058866702003,-0.13646202067744512,0,0
389,0,1,1,0.4686251594680446,0.44080108404159546,0.0038510548906088267,0.30314738875900893,0,0
390,0,1,1,0.46858890185797886,0.43464308977127075,0.003870403647589585,0.1627130739835038,0,0
391,0,1,1,0.4685993568856619,0.4723213315010071,0.003920695725941334,1.052490274197207,0,0
392,0,1,1,0.46776542578017155,0.4316248893737793,0.004676394156954877,0.2379854221961839,0,0
393,0,1,1,0.4688868776981437,0.44980451464653015,0.003099787322809075,0.3776721807304345,0,0
394,0,1,1,0.46826315599331075,0.4323132038116455,0.0037889385851667375,0.09351655940628303,0,0
395,0,1,1,0.46861291979183484,0.4357505440711975,0.0033577383204756285,0.09584760032186776,0,0
396,0,1,1,0.46747833841737685,0.43327686190605164,0.004495710421476865,0.2439090040991193,0,0
397,0,1,1,0.46663526912030606,0.42505908012390137,0.005267007877848976,0.19137148184726993,0,0
398,0,1,1,0.46713178516246795,0.4351690113544464,0.004207589691227667,0.23600904037386317,0,0
399,0,1,1,0.47342422724772804,0.44566383957862854,0.0028356045921873246,0.23309385726521498,0,0
400,0,1,1,0.47736505134577156,0.4382036030292511,0.005105692335813319,0.46942210041494353,0,0
401,0,1,1,0.5141080792130428,0.44230422377586365,0.03937704197098591,6.7655959566012775,0,0
402,0,1,1,0.5138560767155556,0.4299226999282837,0.028101229003655803,4.436189225289819,0,0
403,0,1,1,0.551142000975162,0.4503869414329529,0.05286168832164898,9.39414307239587,0,0
404,0,1,1,0.5450635703632929,0.44806015491485596,0.031111420388453655,5.404727789334489,0,0
405,0,1,1,0.5671599423061412,0.4562308192253113,0.03252555646638939,5.851549754185113,0,0
406,0,1,1,0.5514855995683485,0.4448310136795044,0.014127183246015978,2.2564851733915727,0,0
407,0,1,1,0.5446099440631047,0.4506053924560547,0.012694788263119953,2.1323065318697765,0,0
408,0,1,1,0.5164662196418925,0.45216861367225647,0.03920549845631779,6.965127429093076,0,0
409,0,1,1,0.5129651216494404,0.4561167359352112,0.03555725876841983,6.3973747889203345,0,0
410,0,1,1,0.5007179584508388,0.4716675579547882,0.03425571680284628,6.525381166109265,0,0
411,0,1,1,0.4910605776643729,0.6306174397468567,0.031221187309934728,9.69161864114298,0,1
412,0,1,1,0.48988602607259407,0.6016486287117004,0.01900839730203059,6.804989643995659,0,1
413,0,1,1,0.49510207415721696,0.5976563096046448,0.00962090070002346,5.013301039016987,0,1
414,0,1,1,0.5273462830938183,0.4489871561527252,0.029562669984574082,5.1461973225816315,0,0
415,0,1,1,0.5544694179204899,0.46045979857444763,0.050028723650500824,9.117046384759327,0,0
416,0,1,1,0.5401659707144149,0.4519123136997223,0.02774318078803175,4.88538937766322,0,0
417,0,1,1,0.5790282811224533,0.44889065623283386,0.046165390627979815,8.147684070379231,0,0
418,0,1,1,0.5601461458945014,0.46761077642440796,0.016461162077292476,3.211191979476551,0,0
419,0,1,1,0.5922208832910678,0.4414013922214508,0.030176475355114453,5.079939110606628,0,0
420,0,1,1,0.5842608153042819,0.4497931897640228,0.01747696582367469,2.9785076340821455,0,0
421,0,1,1,0.6030239465909673,0.46067553758621216,0.02051796116490265,3.7830407987931163,0,0
422,0,1,1,0.5949747293803136,0.45621544122695923,0.011991076366215249,2.1361192787118535,0,0
423,0,1,1,0.6048621032757575,0.45012548565864563,0.008167758877911647,1.3020651724527448,0,0
424,0,1,1,0.5818690120324088,0.44648993015289307,0.01850334062840974,3.0869887408865404,0,0
425,0,1,1,0.5911412876704182,0.45614656805992126,0.0125508611868391,2.235784991562849,0,0
426,0,1,1,0.5804335018574198,0.436982125043869,0.016370235255293214,2.478837925320326,0,0
427,0,1,1,0.5910618770877705,0.4603961408138275,0.009143610068684464,1.718677686716575,0,0
428,0,1,1,0.5680453609616403,0.4557160437107086,0.021673012723352557,3.8760896769217514,0,0
429,0,1,1,0.5718703572642101,0.45209911465644836,0.015586210999777809,2.690332672200142,0,0
430,0,1,1,0.5364360395037618,0.49516284465789795,0.04500868881198682,9.019965519287862,0,0
431,0,1,1,0.5478870573524299,0.5022676587104797,0.027565423494640588,6.030218492531229,0,0
432,0,1,1,0.5125333537880115,0.5016275644302368,0.047118304005487575,9.552738479568326,0,0
433,0,1,1,0.538667500264903,0.5263552665710449,0.01945483816903693,5.125877665080743,0,1
434,0,1,1,0.4850645662683955,0.5565655827522278,0.052408375481869544,11.793913807587636,0,1
435,0,1,1,0.5042940739906889,0.48033231496810913,0.02923236250728356,5.819089624717354,0,0
436,0,1,1,0.43242768302820805,0.4954574704170227,0.08130414457278015,15.593377949984289,0,0
437,0,1,1,0.45721372768805335,0.50621497631073,0.04816631374830897,9.84956762598464,0,0
438,0,1,1,0.3358327769682972,0.4781040847301483,0.13750918979852772,25.35630840221495,0,2
439,0,1,1,0.3077147441248073,0.4960533082485199,0.12831927531699308,24.1132202579772,0,2
440,0,1,1,0.2227540195226133,0.470758855342865,0.16413516745271667,30.00176023791884,1,2
441,0,1,1,0.2288363082664137,0.47651830315589905,0.10795721639982007,19.97273886200162,1,2
442,0,1,1,0.18294153770351285,0.4748549461364746,0.09443487854000855,17.487416603161975,1,2
443,0,1,1,0.16866623725067792,0.47323352098464966,0.07048736917664739,13.116966177770868,0,0
444,0,1,1,0.14850012557590703,0.4624496400356293,0.05589135413288592,10.224215631701002,0,0
445,1,1,1,0.15293453560973957,0.464720219373703,0.03439228482469536,6.387704140212818,0,0
446,1,1,1,0.1436703818125958,0.46694403886795044,0.02318218124535204,4.411565798824528,0,0
447,1,1,1,0.1432118561407994,0.46570396423339844,0.013822917944419182,2.689315152837624,0,0
448,1,1,1,0.1430877434567433,0.47126784920692444,0.007583435351005652,1.6905245552544919,0,0
449,1,1,1,0.14428458713292852,0.4695597290992737,0.005033496145029498,1.189267900697667,0,0
450,1,1,1,0.14441041690333753,0.46996933221817017,0.002745179255417754,0.7848425536474256,0,0
451,1,1,1,0.14253547443368414,0.4770454466342926,0.004805130497756546,1.3229209081647544,0,0
452,1,1,1,0.14001322232752472,0.4910321831703186,0.007158287177137149,2.0755721373923044,0,0
453,1,1,1,0.15369921478954096,0.4772067964076996,0.007296335567183761,1.777397775871684,0,0
454,1,1,1,0.14140512429530802,0.4797118008136749,0.0073514118412023296,1.8459132247639032,0,0
455,1,1,1,0.15343270636804796,0.48862841725349426,0.0069975292034869145,1.99030320895372,0,0
456,1,1,1,0.13290252796972463,0.4765346646308899,0.017826992998369286,3.666880238601691,0,0
457,1,1,1,0.14762001204562475,0.4817706346511841,0.008924458027736774,2.1786291472797714,0,0
458,1,1,1,0.13050714236925717,0.4817793071269989,0.01692490432340768,3.626262038456737,0,0
459,1,1,1,0.1481292569439131,0.48240628838539124,0.010129152823270421,2.4114384940250444,0,0
460,1,1,1,0.13501538847196506,0.47844550013542175,0.009183641825311905,2.1477997731273333,0,0
461,1,1,1,0.14532207902461813,0.4926636815071106,0.008275075341676603,2.3157540659658227,0,0
462,1,1,1,0.13366683465564572,0.46599775552749634,0.009668586069781158,1.9445858914770853,0,0
463,1,1,1,0.14451596677038603,0.4678809344768524,0.0069106690148278355,1.4896439632813,0,0
464,1,1,1,0.13746038867900517,0.4750826060771942,0.006221627977121401,1.5333129939833576,0,0
465,1,1,1,0.14782641004989036,0.48290711641311646,0.005614536450242769,1.6063662430574637,0,0
466,1,1,1,0.13071415332312925,0.47395017743110657,0.013745200738591075,2.8679988447806943,0,0
467,1,1,1,0.1432709983409119,0.47943127155303955,0.006760349509133186,1.732422012166109,0,0
468,1,1,1,0.13496039427553816,0.4750855565071106,0.009135886212693577,2.060625709652591,0,0
469,1,1,1,0.14831811451112384,0.4768403172492981,0.008160882478541971,1.9252445025571032,0,0
470,1,1,1,0.137245650350323,0.4866844117641449,0.006054404080547368,1.7742357326084293,0,0
471,1,1,1,0.14728633635868427,0.4740489423274994,0.005564157861141361,1.3902038630496913,0,0
472,1,1,1,0.14185818145238238,0.4676901698112488,0.005131210756389038,1.1632478554539278,0,0
473,1,1,1,0.15747222100999594,0.48342806100845337,0.010203196318879034,2.448716911736699,0,0
474,1,1,1,0.14706627771094644,0.46860170364379883,0.005695290586896016,1.286606316011048,0,0
475,1,1,1,0.156078132422048,0.48112747073173523,0.006199250169226613,1.6705550436538072,0,0
476,1,1,1,0.14423426315820853,0.45672285556793213,0.009976394013623156,1.7834857371976398,0,0
477,1,1,1,0.15577604689338562,0.4729141294956207,0.006280843945319949,1.4933410337507265,0,0
478,1,1,1,0.13749404524291817,0.45829734206199646,0.01688658882621749,3.070470574119585,0,0
479,1,1,1,0.14533934469174237,0.46457475423812866,0.009852490180200613,1.9445968316133655,0,0
480,1,1,1,0.1337103948690093,0.46371906995773315,0.0155924841505429,2.963068490543901,0,0
481,1,1,1,0.15074890080693445,0.4687306582927704,0.009464125121298494,1.971473027487487,0,0
482,1,1,1,0.13698104870003092,0.48776859045028687,0.008632622031924091,2.266024745608605,0,0
483,1,1,1,0.14600438646072145,0.48099562525749207,0.007067591287006869,1.8245724611909533,0,0
484,1,1,1,0.13324662455321362,0.47350797057151794,0.012206512178948912,2.579285348623909,0,0
485,1,1,1,0.14319356760949284,0.469451904296875,0.007349794308200535,1.6058092466893912,0,0
486,1,1,1,0.1330411070928158,0.47560185194015503,0.010407253761037417,2.3027075624438176,0,0
487,1,1,1,0.14581534299118504,0.48253655433654785,0.006445946410643937,1.7481224435722815,0,0
488,1,1,1,0.14018071264860732,0.4800224304199219,0.004961903934064405,1.4208671591235809,0,0
489,1,1,1,0.14962390172745166,0.480757474899292,0.005474265118937896,1.5307435483864396,0,0
490,1,1,1,0.13373536265580352,0.473043829202652,0.012021857482199914,2.535029181923907,0,0
491,1,1,1,0.1508802802571613,0.48032131791114807,0.006099183158154187,1.633608309896108,0,0
492,1,1,1,0.1336191581277027,0.4772396981716156,0.013577860217541758,2.914611959008606,0,0
493,1,1,1,0.1508297786423384,0.46920689940452576,0.009005806104874415,1.8996860539696971,0,0
494,1,1,1,0.13306611432344823,0.470947265625,0.012791984620291767,2.6253552023120745,0,0
495,1,1,1,0.1520779289866529,0.4597087800502777,0.00947458741668491,1.7624915346383316,0,0
496,1,1,1,0.13322771476175263,0.45263612270355225,0.012762484281271453,2.1920196051326553,0,0
497,1,1,1,0.14584359090476667,0.4702523946762085,0.009871860440545326,2.08080851258644,0,0
498,1,1,1,0.13391107013442557,0.4606114327907562,0.01073472113271806,2.011571561783437,0,0
499,1,1,1,0.14505579904054622,0.4605618119239807,0.008414074553408028,1.5905634244928128,0,0
500,1,1,1,0.13265672841331327,0.4682077169418335,0.010444769320047993,2.136666828024034,0,0
501,1,1,1,0.1468607954345556,0.47150033712387085,0.006801288653991205,1.554453700820385,0,0
502,1,1,1,0.13367406964922454,0.4593288004398346,0.00953898262947414,1.7652603171937078,0,0
503,1,1,1,0.1405953227895486,0.46089375019073486,0.007114839907738695,1.3632662196105767,0,0
504,1,1,1,0.12510550458866307,0.45575472712516785,0.016933178505985955,3.0194692996204138,0,0
505,1,1,1,0.1394967531621489,0.4593958556652069,0.007887526801151852,1.4680484346233347,0,0
506,1,1,1,0.1309051128362581,0.45886367559432983,0.008867776248728792,1.632954874597085,0,0
507,1,1,1,0.13908203980611658,0.472362756729126,0.0067387554362917735,1.5632981765241774,0,0
508,1,1,1,0.13161672934478236,0.4701804518699646,0.006004626436171661,1.3794720743309252,0,0
509,1,1,1,0.1425617692939421,0.46613365411758423,0.005035711636121299,1.109588811556508,0,0
510,1,1,1,0.1371829598145679,0.45885178446769714,0.004062100925156859,0.7632404991231362,0,0
511,1,1,1,0.13623270992600156,0.47683268785476685,0.005122936538655658,1.375445006154604,0,0
512,1,1,1,0.13608309680002828,0.48139598965644836,0.00440739931778372,1.3526520228899246,0,0
513,1,1,1,0.13845915122513267,0.47850704193115234,0.0036175731644452792,1.1422324349304056,0,0
514,1,1,1,0.13025529904107197,0.45890045166015625,0.010326134423349146,1.8976587018691988,0,0
515,1,1,1,0.14603086725512585,0.46375659108161926,0.007181348984078713,1.442214024457788,0,0
516,1,1,1,0.1378870680563705,0.4622325897216797,0.005791092445411548,1.155069156422737,0,0
517,1,1,1,0.1407264179054486,0.4704013466835022,0.004805303650301706,1.1676552992889078,0,0
518,1,1,1,0.13521922525866972,0.4607205390930176,0.007097641828823009,1.3561061885113284,0,0
519,1,1,1,0.13563350761726753,0.4669453501701355,0.007924341024624647,1.6511681355143466,0,0
520,1,1,1,0.13327599268189275,0.45688730478286743,0.007682516050534852,1.3723241439961327,0,0
521,1,1,1,0.1419409782555767,0.4678545296192169,0.0044015214100953165,1.0350751123937116,0,0
522,1,1,1,0.1419905943852196,0.4628145396709442,0.0025747971486556574,0.586783557102214,0,0
523,1,1,1,0.1405287939120114,0.45493263006210327,0.0027446565472324536,0.43328521738956477,0,0
524,1,1,1,0.13849266367787005,0.45313137769699097,0.004533380153793562,0.714796870334723,0,0
525,1,1,1,0.1454752824106065,0.4617004990577698,0.0026643103719241213,0.5769389644244935,0,0
526,1,1,1,0.13304245380530005,0.46930640935897827,0.01217133381411535,2.4747150606810076,0,0
527,1,1,1,0.1403778124998053,0.45124566555023193,0.005548228517285137,0.8543259015283733,0,0
528,1,1,1,0.13314053180465224,0.4587455689907074,0.009798475316731723,1.798575137874645,0,0
529,1,1,1,0.1388517546933234,0.46838095784187317,0.005635918129712572,1.2707050920336584,0,0
530,1,1,1,0.13407481076861313,0.45885801315307617,0.005870281455145618,1.0905197210882915,0,0
531,1,1,1,0.13954693306274882,0.470172256231308,0.0037219469595635097,0.9663011543575606,0,0
532,1,1,1,0.13246561708510993,0.4553821384906769,0.007529844520212975,1.309521766603961,0,0
533,1,1,1,0.14216170196906316,0.4605309069156647,0.0036829557801850094,0.7338932976856318,0,0
534,1,1,1,0.13607925991705544,0.4582844376564026,0.004944999634094181,0.909712396514507,0,0
535,1,1,1,0.14179263901198927,0.4619622826576233,0.004009330312009348,0.826397037575213,0,0
536,1,1,1,0.13705166643873395,0.4635776877403259,0.004665092080058994,0.9827945207701538,0,0
537,1,1,1,0.14572960131052337,0.46598711609840393,0.003955944000985096,0.910813546355475,0,0
538,1,1,1,0.1405557452657123,0.45991402864456177,0.003514758231145494,0.6890445159549552,0,0
539,1,1,1,0.14149175673166636,0.4662255048751831,0.003447483030734987,0.8243954770511355,0,0
540,1,1,1,0.13400157780618133,0.4556153118610382,0.010797568653466176,1.906164218735175,0,0
541,1,1,1,0.1367063123167446,0.46301597356796265,0.007964288435448694,1.566551454369639,0,0
542,1,1,1,0.13375522286461142,0.4570710361003876,0.008025579188453227,1.4386851474907767,0,0
543,1,1,1,0.13776045896991795,0.45567142963409424,0.0036044397309270594,0.6061045063610213,0,0
544,1,1,1,0.13092291199837328,0.44718116521835327,0.008224935013979053,1.243589857665572,0,0
545,1,1,1,0.13507885403623007,0.46577951312065125,0.004658906738500907,1.0331401954713544,0,0
546,1,1,1,0.1275740436406424,0.44923681020736694,0.01039727234962928,1.6846542087872596,0,0
547,1,1,1,0.13946679225810582,0.46223095059394836,0.005061167648123233,1.0229738131422441,0,0
548,1,1,1,0.13089595089159178,0.4562699794769287,0.006180825631013904,1.0862111434332287,0,0
549,1,1,1,0.13531710906619832,0.4522174596786499,0.004737303745123136,0.7303288479860707,0,0
550,1,1,1,0.1279555320275308,0.45387405157089233,0.008949895959592278,1.5311860872268424,0,0
551,1,1,1,0.13998501621481182,0.458209753036499,0.005598667371004457,1.0262274477345994,0,0
552,1,1,1,0.12227015072958818,0.4471293091773987,0.014860205343433503,2.442822141999381,0,0
553,1,1,1,0.13035350045449354,0.47528719902038574,0.007943689635882215,1.849648202220476,0,0
554,1,1,1,0.11912619077540819,0.45256292819976807,0.014606813104186404,2.5239823178949843,0,0
555,1,1,1,0.12788611516509993,0.4646451771259308,0.007953934595674943,1.6027587019061924,0,0
556,1,1,1,0.12256986855958718,0.4518900513648987,0.006216132027442876,0.9902237781403596,0,0
557,1,1,1,0.12839679652610897,0.4576374590396881,0.004854279875747208,0.8781772391556459,0,0
558,1,1,1,0.12658201577981548,0.4571511447429657,0.0029283222844556983,0.5183685887129178,0,0
559,1,1,1,0.13116166698853762,0.4547845125198364,0.002501147642549239,0.38576785865144186,0,0
560,1,1,1,0.12187901778739098,0.4522745907306671,0.00889052319910985,1.4830591913887594,0,0
561,1,1,1,0.13020467757439383,0.45205017924308777,0.003836589807961647,0.5634629152870008,0,0
562,1,1,1,0.12201479182006446,0.4509318172931671,0.009034006735458521,1.4776325131750874,0,0
563,1,1,1,0.12918322200513857,0.459822416305542,0.005086524543466691,0.9712650868431718,0,0
564,1,1,1,0.12501612225715034,0.4544743597507477,0.004460142671932658,0.7329372481309986,0,0
565,1,1,1,0.127510600131937,0.4452766180038452,0.0038076371801771198,0.39990192449696615,0,0
566,1,1,1,0.12355685424379761,0.45062556862831116,0.005966283832763483,0.9154659825745032,0,0
567,1,1,1,0.12323096918993684,0.44600358605384827,0.006677684492557537,0.9361390002184822,0,0
568,1,1,1,0.12339746522051241,0.46633362770080566,0.005023125258181532,1.1119858152808664,0,0
569,1,1,1,0.12502305617588666,0.43996718525886536,0.0030872747167372573,0.14547402095729817,0,0
570,1,1,1,0.122249345358323,0.45506832003593445,0.005144694872198885,0.8706685545843745,0,0
571,1,1,1,0.125926308490004,0.4527296721935272,0.002260945280392033,0.29428162453721546,0,0
572,1,1,1,0.11940845960828989,0.459075927734375,0.008332538225880145,1.5410814274118014,0,0
573,1,1,1,0.12693231143286543,0.4576725363731384,0.0030412807294171113,0.5509917123357557,0,0
574,1,1,1,0.11688179083942646,0.44489702582359314,0.010339269405932631,1.5727237467103339,0,0
575,1,1,1,0.1230417003554382,0.45821282267570496,0.00519903521360492,0.9539982740139885,0,0
576,1,1,1,0.12170523475918446,0.45798760652542114,0.004427725173492626,0.8091897538466752,0,0
577,1,1,1,0.12245954422014786,0.46410053968429565,0.003906373426136868,0.8577491071064418,0,0
578,1,1,1,0.11905556014720091,0.4464779496192932,0.005558461419336841,0.7447382519715747,0,0
579,1,1,1,0.11853640545539315,0.46468597650527954,0.006621058438088201,1.3625701376315624,0,0
580,1,1,1,0.117842207526164,0.47108086943626404,0.006188932642306089,1.4338625642150054,0,0
581,1,1,1,0.11812791833511835,0.46500271558761597,0.0049374650250966325,1.0653799913235926,0,0
582,1,1,1,0.11349443912822252,0.5415289402008057,0.008488037760735086,3.496442904054303,0,1
583,1,1,1,0.11279296063312827,0.5067486763000488,0.007799236001084756,2.5588837244968357,0,0
584,1,1,1,0.10980028831052328,0.4462621510028839,0.009356047118123514,1.426748440438019,0,0
585,1,1,1,0.10703367050559207,0.4538034200668335,0.010112185119144534,1.739814991032623,0,0
586,1,1,1,0.1047896386886276,0.4512825608253479,0.009582654978727439,1.5850913893443301,0,0
587,1,1,1,0.11204749056302965,0.4495343267917633,0.004129266546553366,0.5576089238946285,0,0
588,1,1,1,0.10277738141827898,0.4511948227882385,0.00923234462165266,1.5196629428555002,0,0
589,1,1,1,0.10469862783263068,0.4848499894142151,0.0057976038868180375,1.6848986156234849,0,0
590,1,1,1,0.10626965206863752,0.45533856749534607,0.0037770616093822946,0.6295548221942762,0,0
591,1,1,1,0.10377768621969406,0.44611266255378723,0.006262555773938636,0.8635839774513985,0,0
592,1,1,1,0.09738012980292969,0.45741888880729675,0.010592661104869129,1.911248810418758,0,0
593,1,1,1,0.09974815946339759,0.45568186044692993,0.007340942566200149,1.282351473620909,0,0
594,1,1,1,0.09633767947071949,0.45625561475753784,0.009048181440933719,1.6046336157436438,0,0
595,1,1,1,0.10240347756660982,0.4532918334007263,0.0031703999069582984,0.47195872025073865,0,0
596,1,1,1,0.10299822490336959,0.4416971206665039,0.0014545818026627062,-0.1094757033942445,0,0
597,1,1,1,0.10458698682801888,0.45160481333732605,0.001422323968577271,0.11626729491988008,0,0
598,1,1,1,0.10197457363720544,0.44181370735168457,0.003198972577962517,0.20884223075283342,0,0
599,1,1,1,0.10724492199216576,0.45416760444641113,0.0012546311375061271,0.14583033813168012,0,0
600,1,1,1,0.10874462199165055,0.4562889337539673,0.001028210634699699,0.15444987029558221,0,0
601,1,1,1,0.1027108423704352,0.47345080971717834,0.006518887764813461,1.5489517885701007,0,0
602,1,1,1,0.11435313006958968,0.47410038113594055,0.00559243604873694,1.3965222286598185,0,0
603,1,1,1,0.728601024036001,0.46561142802238464,0.38325430909294783,69.5241919007825,0,2
604,1,1,1,0.21664681847423606,0.45441722869873047,0.1994524598343284,36.00935452844313,0,2
605,1,1,1,0.6630278963868758,0.46348893642425537,0.3536141595254003,64.11212476669981,1,2
606,1,1,1,0.6572282579952077,0.47238481044769287,0.24587485142074683,44.828000491945495,1,2
607,1,1,1,0.665145850802747,0.4686341881752014,0.13015685179295597,23.804786969545177,1,2
608,1,1,1,0.6645534793322392,0.4798361659049988,0.11285627687544707,20.936621013665192,1,2
609,1,1,1,0.6641670507982955,0.47763770818710327,0.0032279983417112124,1.0514315605770006,0,0
610,1,1,1,0.6625911491840373,0.48042142391204834,0.00377446457107358,1.2153631352808216,0,0
611,1,1,1,0.6749884418349728,0.49573463201522827,0.007282105282654496,2.2078865875995426,0,0
612,1,1,1,0.6846736969605088,0.4875151515007019,0.014506712650134148,3.32283367086517,0,0
613,1,1,1,0.6782596586512225,0.5022915005683899,0.006988029893021271,2.3079408746181316,0,0
614,1,1,1,0.6962651849336163,0.5389838814735413,0.01754499425294248,5.075528179756011,0,1
615,1,1,1,0.687450923782951,0.5162997841835022,0.006204304547384777,2.4935751824951726,0,1
616,1,1,1,0.7061712900058279,0.542799711227417,0.015916969900764716,4.870178071380442,0,1
617,1,1,1,0.7093122952858169,0.5473021864891052,0.013683576919423903,4.571354888531609,0,1
618,1,1,1,0.7266902654875633,0.5475648045539856,0.023298387962521795,6.316992156881779,0,1
619,1,1,1,0.7199452327884437,0.5613458752632141,0.013037992279072926,4.7828089786310235,0,1
620,1,1,1,0.7587506294912321,0.7149667143821716,0.03962890457633062,13.184283045132021,0,1
621,1,1,1,0.7808611278386304,0.7631626129150391,0.04859456805237789,15.932853608343882,0,1
622,1,1,1,0.835948625086098,0.503217875957489,0.08579485716164216,16.587220827149032,0,0
623,1,1,1,0.8168150162755766,0.5002546906471252,0.04963185366134548,9.97539748008818,0,0
624,1,1,1,0.8602699297529617,0.49104538559913635,0.05858412605708891,11.379775617421396,0,0
625,1,1,1,0.8403328380726754,0.518279492855072,0.023954145956111086,5.751126099397337,0,1
626,1,1,1,0.8729960282619059,0.5087307691574097,0.031062471942089477,6.813966429956578,0,0
627,1,1,1,0.8614906933035691,0.5164308547973633,0.018311135112056183,4.686990587926087,0,1
628,1,1,1,0.8790429783758401,0.4540533125400543,0.01667865200507357,2.93365241445398,0,0
629,1,1,1,0.878009323681404,0.46402230858802795,0.012186953306733635,2.3540321421328345,0,0
630,1,1,1,0.8783574557624315,0.45693016052246094,0.0043974629818748934,0.7789983743998569,0,0
631,1,1,1,0.8802435109684151,0.4568600654602051,0.00430103824781089,0.7599149606127,0,0
632,1,1,1,0.8755767937786462,0.4491690397262573,0.0069284774413650415,1.0555003683930861,0,0
633,1,1,1,0.8778855206625106,0.447868287563324,0.00418917704553665,0.5295064172808717,0,0
634,1,1,1,0.8733409797599041,0.4893970489501953,0.008266794556085252,2.2379027573794845,0,0
635,1,1,1,0.8749777407037524,0.5054250955581665,0.005475904278931524,2.107612689320626,0,0
636,1,1,1,0.8731455913269095,0.4939922094345093,0.005891621422282331,1.9155952893997126,0,0
637,1,1,1,0.8738397811015834,0.505975604057312,0.004589631034674216,1.960136702464766,0,0
638,1,1,1,0.8745983098917813,0.49038466811180115,0.0028196673542445457,1.2754999687368165,0,0
639,1,1,1,0.8758699304283624,0.43544164299964905,0.001862379350632823,-0.1819109194322232,0,0
