frame,label,valid,inference_valid,phase,feature_raw,time_raw,score,alarm,evidence_type
8,0,0,0,0.17054746241880808,0.49639737606048584,nan,0.051079730378979865,0,0
9,0,0,0,0.17037169952286754,0.4961818754673004,nan,0.04362609332908675,0,0
10,0,0,0,0.1706888459283282,0.4945599138736725,nan,-0.012473580686040186,0,0
11,0,0,0,0.17031298331912972,0.5012906193733215,nan,0.22032501695372064,0,0
12,0,0,0,0.17044200657792608,0.5028715133666992,0.003630195242345824,0.27500426338555994,0,0
13,0,0,0,0.17140395545467935,0.5009841918945312,0.002641882405372051,0.20972644190919001,0,0
14,0,0,0,0.17045969283110354,0.4993720054626465,0.0038442090119008123,0.15396486676729843,0,0
15,0,0,0,0.17147795505224475,0.4997202754020691,0.00276865851645344,0.16601066991555607,0,0
16,0,0,0,0.17175318746751894,0.49423179030418396,0.002784669034458007,-0.023822570302873707,0,0
17,0,0,0,0.17200968456925247,0.4946463108062744,0.002855967155122649,-0.009485322657048325,0,0
18,0,0,0,0.1720148940391617,0.49763360619544983,0.0030021899638567025,0.09383789916152949,0,0
19,0,1,1,0.1736726277181404,0.4940345585346222,0.0018437326217841978,-0.030644333543945846,0,0
20,0,1,1,0.17533695021732282,0.49771904945373535,0.0009556191790627156,0.09679317193459594,0,0
21,0,1,1,0.17685468782448008,0.4959597587585449,0.00045525625629922514,0.035943621066211164,0,0
22,0,1,1,0.17851096981900183,0.4909227192401886,0.0004492258462370528,-0.1382752236285316,0,0
23,0,1,1,0.1794341591574524,0.48500409722328186,0.0002588062615375914,-0.34298584505856516,0,0
24,0,1,1,0.17930427410846142,0.48840224742889404,0.0018218716690913796,-0.22545216267162527,0,0
25,0,1,1,0.17920798410892017,0.49492499232292175,0.002909992641417264,0.00015358759790265166,0,0
26,0,1,1,0.17897557926621283,0.4943459928035736,0.0037307215552346536,-0.019872585905806855,0,0
27,0,1,1,0.17889741089197145,0.4896416664123535,0.003925042291278752,-0.1825836994395751,0,0
28,0,1,1,0.17901713133270186,0.49124667048454285,0.003671134784178129,-0.1270705445063717,0,0
29,0,1,1,0.1783988743067164,0.4925057291984558,0.004217606116223707,-0.08352279116010777,0,0
30,0,1,1,0.17846218273026926,0.4929249882698059,0.003952020242119878,-0.06902164802390305,0,0
31,0,1,1,0.17845442171384415,0.4864293038845062,0.0038314321245590923,-0.2936914416565477,0,0
32,0,1,1,0.178257147256125,0.48423126339912415,0.003917959287746434,-0.3697162718291126,0,0
33,0,1,1,0.1785145352117025,0.481547087430954,0.0034705753130246904,-0.462555336209651,0,0
34,0,1,1,0.17805743885023367,0.48100435733795166,0.003956586900740061,-0.4813270391989476,0,0
35,0,1,1,0.17676604876256713,0.4812648594379425,0.005146791018397709,-0.47231691038507456,0,0
36,0,1,1,0.17569105301531954,0.4773990213871002,0.005799693527826025,-0.606026768435681,0,0
37,0,1,1,0.17437225531778147,0.4761308431625366,0.006476967665162728,-0.6498899432917316,0,0
38,0,1,1,0.17392270421660336,0.4748951494693756,0.005890948792860615,-0.6926295578678232,0,0
39,0,1,1,0.1741826809786181,0.48206833004951477,0.004597288372438263,-0.4445268322679236,0,0
40,0,1,1,0.17422461992171634,0.4806431531906128,0.003909507483352778,-0.49382020488069345,0,0
41,0,1,1,0.1745953943907958,0.4781981408596039,0.0031721247408725258,-0.5783871855486897,0,0
42,0,1,1,0.17462516947374887,0.4809686839580536,0.003198134426173058,-0.4825608939284071,0,0
43,0,1,1,0.1744569077317861,0.4781077802181244,0.00354201248242218,-0.5815125385476215,0,0
44,0,1,1,0.1743771722264526,0.4793694317340851,0.003690304676047665,-0.5378751065368105,0,0
45,0,1,1,0.17516490019428793,0.48153212666511536,0.0029407147843964173,-0.46307279241198074,0,0
46,0,1,1,0.1758676049520023,0.48444804549217224,0.0023803864775550883,-0.3622183108415697,0,0
47,0,1,1,0.17682729083926804,0.4827480912208557,0.0017313094598526953,-0.4210155603178459,0,0
48,0,1,1,0.1774079727384928,0.47828927636146545,0.0017432233374984315,-0.5752350320293186,0,0
49,0,1,1,0.17728479255548713,0.47548773884773254,0.002624103648514159,-0.6721333444671767,0,0
50,0,1,1,0.17718466762803317,0.46981680393218994,0.0032542016662679115,-0.8682770764598349,0,0
51,0,1,1,0.17791494343710715,0.46837711334228516,0.00285319152620164,-0.9180724434362194,0,0
52,0,1,1,0.17781941109393065,0.4707920551300049,0.0032206370188378993,-0.8345455291191209,0,0
53,0,1,1,0.17785026537578438,0.4696873724460602,0.0032926423258436534,-0.8727537941624605,0,0
54,0,1,1,0.1779864914186076,0.47019049525260925,0.0032977844880947267,-0.8553520100833157,0,0
55,0,1,1,0.17727604918766746,0.47480687499046326,0.004208682666678493,-0.6956827556194182,0,0
56,0,1,1,0.17715752754313716,0.4731622338294983,0.00416748074884887,-0.752566860252021,0,0
57,0,1,1,0.1776376105765401,0.4743315577507019,0.003521926827747543,-0.7121228133304879,0,0
58,0,1,1,0.17762788470961033,0.4711994230747223,0.003478488994866258,-0.8204556708927361,0,0
59,0,1,1,0.1785696437440814,0.47438469529151917,0.002447078283145829,-0.7102849161018945,0,0
60,0,1,1,0.17831678549915816,0.47627705335617065,0.0030233351671725946,-0.6448328912426684,0,0
61,0,1,1,0.17766082383515655,0.48093006014823914,0.003969111320179461,-0.4838967967933859,0,0
62,0,1,1,0.1775253926126711,0.47715067863464355,0.004110345857319006,-0.6146163352365052,0,0
63,0,1,1,0.17663257314613232,0.47614333033561707,0.004977542299623006,-0.6494580425969584,0,0
64,0,1,1,0.17534613874416574,0.47771400213241577,0.0057797090521023,-0.5951323568770694,0,0
65,0,1,1,0.17504178969931491,0.48138630390167236,0.005341396408205021,-0.4681164442008242,0,0
66,0,1,1,0.17459662677495366,0.480178564786911,0.005131800798605865,-0.5098891784626024,0,0
67,0,1,1,0.17325015789117862,0.4755656123161316,0.005746078222951545,-0.6694398921630181,0,0
68,0,1,1,0.1725202077216699,0.47583797574043274,0.005630424578721841,-0.6600195092285729,0,0
69,0,1,1,0.1711185414320285,0.47451329231262207,0.00632560811273927,-0.7058370604982035,0,0
70,0,1,1,0.1697402472971054,0.4731614887714386,0.006723090180840771,-0.7525926299832127,0,0
71,0,1,1,0.16848854398344446,0.4723654091358185,0.006760698625039666,-0.7801270723669419,0,0
72,0,1,1,0.16720406704157867,0.4737657308578491,0.006854772089971897,-0.7316933779867278,0,0
73,0,1,1,0.16638985465898667,0.47370487451553345,0.006339949302541098,-0.7337982496304675,0,0
74,0,1,1,0.16588666629838897,0.46800971031188965,0.005660965969878346,-0.9307800132814804,0,0
75,0,1,1,0.16459196009811003,0.46323174238204956,0.005992276920478168,-1.0960382070462382,0,0
76,0,1,1,0.16470154654162536,0.4675242006778717,0.004908544505629231,-0.9475726009152529,0,0
77,0,1,1,0.16471110433380118,0.47024470567703247,0.0042733565884650855,-0.8534770044418062,0,0
78,0,1,1,0.16425728004539317,0.47099781036376953,0.004307493295576723,-0.8274289601532155,0,0
79,0,1,1,0.16388106700491462,0.4680049419403076,0.004276359772806296,-0.9309449395611075,0,0
80,0,1,1,0.16420195978519622,0.4691433012485504,0.0037777437192258708,-0.8915718826679021,0,0
81,0,1,1,0.16359977004921228,0.46728086471557617,0.004255036766102502,-0.9559889951224687,0,0
82,0,1,1,0.16294051466178072,0.4656111001968384,0.004636458582386868,-1.0137420550908565,0,0
83,0,1,1,0.162940254931491,0.466431200504303,0.00430752696677347,-0.9853767965735062,0,0
84,0,1,1,0.16284301031359696,0.467993825674057,0.004169568566311605,-0.9313294239504879,0,0
85,0,1,1,0.1632314888092569,0.4727640151977539,0.0034413527027518627,-0.7663402661793716,0,0
86,0,1,1,0.16367368431886975,0.4709439277648926,0.002907086883150137,-0.8292926271130008,0,0
87,0,1,1,0.16361926283600306,0.46838483214378357,0.0031448007802891116,-0.9178054690210732,0,0
88,0,1,1,0.16380049405999106,0.46934765577316284,0.0031333215324291204,-0.8845037607966372,0,0
89,0,1,1,0.16382024423287087,0.46654680371284485,0.0033529422961478513,-0.981378365081799,0,0
90,0,1,1,0.16437006687794944,0.47328540682792664,0.002950308506972724,-0.7483066082914059,0,0
91,0,1,1,0.16309224288316976,0.46867114305496216,0.004402228141522355,-0.907902676718719,0,0
92,0,1,1,0.16278164458821787,0.46642598509788513,0.004581071448265928,-0.9855571846918483,0,0
93,0,1,1,0.16225882465497513,0.4651867747306824,0.004849179013565364,-1.0284184323991648,0,0
94,0,1,1,0.16150455034839137,0.46745362877845764,0.005213098425675186,-0.9500135098537326,0,0
95,0,1,1,0.1620507383056849,0.4684734344482422,0.003950531335992141,-0.9147409325877538,0,0
96,0,1,1,0.1630994761455336,0.46942493319511414,0.002641417351772199,-0.8818309242774319,0,0
97,0,1,1,0.16368779471779923,0.4703349769115448,0.0021325566688355476,-0.8503547438106174,0,0
98,0,1,1,0.1641236222378936,0.47229766845703125,0.002053971664447149,-0.782470056326893,0,0
99,0,1,1,0.16463429343899755,0.47055360674858093,0.0021980684357187892,-0.842792873889719,0,0
100,0,1,1,0.1656932080252926,0.47371166944503784,0.0017850426327519183,-0.733563229681999,0,0
101,0,1,1,0.16698747909423597,0.4742698669433594,0.0011392045337482422,-0.7142565470731623,0,0
102,0,1,1,0.1678607827673057,0.47248706221580505,0.001090821954787738,-0.7759193906579578,0,0
103,0,1,1,0.16864401005424906,0.4694611430168152,0.0012418848001974044,-0.8805785153415143,0,0
104,0,1,1,0.16878711027550805,0.4700962007045746,0.00210121373275132,-0.8586134272629399,0,0
105,0,1,1,0.16862959092296181,0.4708307981491089,0.0030322086478514034,-0.8332055030971515,0,0
106,0,1,1,0.16761424688825574,0.46715909242630005,0.004458080639738929,-0.9602007999884434,0,0
107,0,1,1,0.1684410824896416,0.4675869047641754,0.0035696110685905754,-0.9454038203381577,0,0
108,0,1,1,0.16866078964323483,0.4685841202735901,0.0032991720238454954,-0.9109125813219119,0,0
109,0,1,1,0.1690634517833668,0.4663794934749603,0.002864929725645224,-0.9871652159182116,0,0
110,0,1,1,0.16947792379111215,0.4636296331882477,0.0025589229330011095,-1.082276139800612,0,0
111,0,1,1,0.16837251975339612,0.46204158663749695,0.00413024619643122,-1.1372027756518919,0,0
112,0,1,1,0.16700996605649027,0.45888206362724304,0.005475659209275713,-1.2464829285327477,0,0
113,0,1,1,0.1661704779366473,0.4590846002101898,0.00590244143243254,-1.2394776848055906,0,0
114,0,1,1,0.1655395107368014,0.46624696254730225,0.0058101651705985665,-0.9917491357025948,0,0
115,0,1,1,0.1653048765011971,0.4640480577945709,0.005060196142625176,-1.067803858763342,0,0
116,0,1,1,0.16522035445249092,0.4657762348651886,0.004377807378281595,-1.0080304518695236,0,0
117,0,1,1,0.16497336638973972,0.4698643386363983,0.004177392540032976,-0.8666329676098031,0,0
118,0,1,1,0.16467324202973246,0.4665127992630005,0.004178239013313334,-0.982554495613389,0,0
119,0,1,1,0.16465904337385392,0.4637492001056671,0.003975870492424633,-1.0781406133389648,0,0
120,0,1,1,0.16518564989670545,0.4600568413734436,0.0032878056877373137,-1.2058502471788912,0,0
121,0,1,1,0.165132323225068,0.46332985162734985,0.0033324562204284066,-1.0926448488429126,0,0
122,0,1,1,0.16699283199412096,0.4706861674785614,0.0017235502401362936,-0.8382079233160882,0,0
123,0,1,1,0.1676173196931569,0.4762941598892212,0.0014670964522686654,-0.6442412182145065,0,0
124,0,1,1,0.16785230713985136,0.4691316783428192,0.0019716780853999668,-0.8919738904744929,0,0
125,0,1,1,0.1677768825879279,0.4662047326564789,0.0027137669481099,-0.9932097640665415,0,0
126,0,1,1,0.16900214650573792,0.46596986055374146,0.002149642871014876,-1.0013334141274193,0,0
127,0,1,1,0.17000567674414105,0.4665674567222595,0.0016484412605159678,-0.9806640281331644,0,0
128,0,1,1,0.17037706245049689,0.47135305404663086,0.0018741448169061732,-0.8151419523210034,0,0
129,0,1,1,0.1710452254552445,0.46875011920928955,0.0018371706398199435,-0.9051710852123966,0,0
130,0,1,1,0.1717405403158645,0.47006955742836,0.001958941496029068,-0.8595349528503557,0,0
131,0,1,1,0.17176433910580116,0.47442153096199036,0.0026197411586240922,-0.7090108605917758,0,0
132,0,1,1,0.17183520435622665,0.47475335001945496,0.0029885414986135757,-0.6975340531082314,0,0
133,0,1,1,0.1719448684141528,0.46624499559402466,0.0032434129171199063,-0.9918171677929409,0,0
134,0,1,1,0.17219938764489504,0.46503740549087524,0.0032138044261047468,-1.0335847481084808,0,0
135,0,1,1,0.17273959942544356,0.46713218092918396,0.002788304477813833,-0.9611316026790884,0,0
136,0,1,1,0.17248710741896092,0.46528175473213196,0.003284611564207102,-1.0251333070668442,0,0
137,0,1,1,0.17232397068615288,0.46419623494148254,0.0036107240626987004,-1.0626787746239328,0,0
138,0,1,1,0.17176639699484714,0.46977344155311584,0.004263073322004454,-0.869776874815193,0,0
139,0,1,1,0.17222017924000635,0.4675884246826172,0.0037010434143332745,-0.9453512500865267,0,0
140,0,1,1,0.1724861462720042,0.46781593561172485,0.0033052213359761025,-0.9374822049698229,0,0
141,0,1,1,0.17264573335784003,0.47156471014022827,0.0031453939634011026,-0.8078212870840595,0,0
142,0,1,1,0.171746679311128,0.47291281819343567,0.004124888678034938,-0.7611935354657613,0,0
143,0,1,1,0.17177929495273092,0.4715096056461334,0.004087343615502223,-0.8097272164029992,0,0
144,0,1,1,0.17253232803558996,0.47499629855155945,0.0032240894608243477,-0.6891310591612353,0,0
145,0,1,1,0.173055892933593,0.4768820106983185,0.002712070003717701,-0.6239089003042394,0,0
146,0,1,1,0.17416549578644722,0.47957900166511536,0.0017050070448017792,-0.5306265965472035,0,0
147,0,1,1,0.17584724591839862,0.47696489095687866,0.000750445293058153,-0.6210422754064725,0,0
148,0,1,1,0.17676123954655604,0.47737380862236023,0.0007309551449396464,-0.6068988161392088,0,0
149,0,1,1,0.17641107324786873,0.4783235788345337,0.0021383493213684964,-0.5740485936052517,0,0
150,0,1,1,0.1758944081502049,0.47635117173194885,0.003493809497601222,-0.6422693183837161,0,0
151,0,1,1,0.1752588422465186,0.47904592752456665,0.004561603492226962,-0.5490643238202553,0,0
152,0,1,1,0.17507862788562326,0.47721967101097107,0.004594716935152299,-0.6122300581281519,0,0
153,0,1,1,0.17498392494002502,0.4766633212566376,0.004268766965517365,-0.6314728318036331,0,0
154,0,1,1,0.17400347374358022,0.48126399517059326,0.004892431085001242,-0.47234680327325695,0,0
155,0,1,1,0.17311370855765512,0.4781248867511749,0.005309462669270165,-0.5809208655194597,0,0
156,0,1,1,0.17269457963885942,0.47583097219467163,0.0051923081658499905,-0.6602617447017751,0,0
157,0,1,1,0.1719467865623001,0.4748213291168213,0.005344089180718337,-0.6951828228342988,0,0
158,0,1,1,0.17205863208805994,0.47632959485054016,0.0044729590605272875,-0.6430156097990284,0,0
159,0,1,1,0.17176853701547642,0.47366440296173096,0.00427684371923073,-0.7351980614288017,0,0
160,0,1,1,0.1712354281860275,0.47520914673805237,0.00447365966313498,-0.6817691623543847,0,0
161,0,1,1,0.169736571369462,0.47561612725257874,0.0056077286164925135,-0.6676927043882195,0,0
162,0,1,1,0.16785926536626183,0.4822218120098114,0.006932480821483134,-0.43921826764242927,0,0
163,0,1,1,0.16585711417297228,0.48261556029319763,0.007884790334323166,-0.4255994801022291,0,0
164,0,1,1,0.16429684723869126,0.48480966687202454,0.007967201557978153,-0.3497107141103565,0,0
165,0,1,1,0.16361334040102918,0.48067882657051086,0.00691606315880616,-0.4925863501512339,0,0
166,0,1,1,0.1632348337928405,0.4794851541519165,0.005763762024886637,-0.5338725518881124,0,0
167,0,1,1,0.16352134379990485,0.4796665906906128,0.004321144124466961,-0.5275971069483048,0,0
168,0,1,1,0.16364001422239832,0.48199737071990967,0.0036185311087066326,-0.44698114146662304,0,0
169,0,1,1,0.16416394233420106,0.47936543822288513,0.0029303947428306583,-0.5380132322959981,0,0
170,0,1,1,0.16445590078251104,0.4755067825317383,0.002776086777813655,-0.6714746701379163,0,0
171,0,1,1,0.16398556110249704,0.4749142825603485,0.003551693205245285,-0.6919677911708197,0,0
172,0,1,1,0.16331244390760288,0.47778990864753723,0.004340864725787483,-0.592506936663257,0,0
173,0,1,1,0.16332231439445433,0.47673138976097107,0.004249101660237201,-0.6291185091619576,0,0
174,0,1,1,0.1628503363117548,0.48043930530548096,0.004510672758000015,-0.5008708033347481,0,0
175,0,1,1,0.16262623729473843,0.4803779423236847,0.004333380657327327,-0.5029931983956981,0,0
176,0,1,1,0.16254109131837663,0.48251640796661377,0.004078695681749467,-0.4290289159292232,0,0
177,0,1,1,0.16362422464583,0.4829569160938263,0.0028027242069895405,-0.4137928200594306,0,0
178,0,1,1,0.1654118925042463,0.4779714047908783,0.001265977036027658,-0.586229430144954,0,0
179,0,1,1,0.16742285183672037,0.4821632206439972,0.0007552923203338396,-0.44124479930334615,0,0
180,0,1,1,0.17005470018535485,0.47955939173698425,0.0017127310860730353,-0.5313048558721695,0,0
181,0,1,1,0.17405416071180782,0.47711002826690674,0.003833789395781442,-0.6160223317703254,0,0
182,0,1,1,0.17766049740758155,0.48514223098754883,0.004832642075060708,-0.3382081368956203,0,0
183,0,1,1,0.18337771691047788,0.4833821654319763,0.007487710352123231,-0.3990844882844444,0,0
184,0,1,1,0.19031858964666334,0.4936836361885071,0.010439866819869307,-0.042781876935246,0,0
185,0,1,1,0.19814286023802866,0.49835506081581116,0.013198165045907513,0.11879124526909586,0,0
186,0,1,1,0.20855068410701347,0.5021163821220398,0.017583814033337114,0.24888612542812782,0,0
187,0,1,1,0.219241942191766,0.503086507320404,0.020552525443231634,0.2824403770182427,0,0
188,0,1,1,0.2327572973923062,0.5091685652732849,0.025101824323449845,0.492803846682492,0,0
189,0,1,1,0.2483206119549625,0.500788688659668,0.03005546194969544,0.20296446444448266,0,0
190,0,1,1,0.2644465840200506,0.5006201863288879,0.03363699608555007,0.19713638203816325,0,0
191,0,1,1,0.2802834128807811,0.4979410469532013,0.035499849968021274,0.10447152104048085,0,0
192,0,1,1,0.29782863542723736,0.5170939564704895,0.03778470484222377,0.7669236928935521,0,0
193,0,1,1,0.315545812795622,0.555365264415741,0.039234047701875614,2.090634382650894,0,0
194,0,1,1,0.33076474091846475,0.5641977190971375,0.03764667561455348,2.3961273304040023,0,0
195,0,1,1,0.34430434646282276,0.5613356828689575,0.034606741934307905,2.297136515793376,0,0
196,0,1,1,0.35705763260163625,0.5666003823280334,0.03135479467761104,2.479229559551061,0,0
197,0,1,1,0.36764672219444516,0.5616244673728943,0.02713663497682023,2.307124863603287,0,0
198,0,1,1,0.37570729832577926,0.6239981055259705,0.02217198375844856,4.464476049520297,0,0
199,0,1,1,0.3823188006276716,0.624256432056427,0.0175478467085122,4.47341093071909,0,0
200,0,1,1,0.3872441289979109,0.6304271817207336,0.012969561537539285,4.686842029184402,0,0
201,0,1,1,0.3914030058146192,0.6283203363418579,0.009581814255178931,4.613971414109703,0,0
202,0,1,1,0.3939996142531328,0.6146904230117798,0.006239351788649042,4.142546136423863,0,0
203,0,1,1,0.39756503250436137,0.6152850389480591,0.0052316910580392255,4.16311244349335,0,0
204,0,1,1,0.39958888517077007,0.6178472638130188,0.003443985755275494,4.251733518272428,0,0
205,0,1,1,0.4019284970940127,0.6110532283782959,0.002697408635303325,4.0167444934813705,0,0
206,0,1,1,0.40404035943633815,0.6092779040336609,0.0021778981577804694,3.9553403779977403,0,0
207,0,1,1,0.4067575484431309,0.6075870394706726,0.002384900868771858,3.896857519242003,0,0
208,0,1,1,0.4093436725178662,0.6061594486236572,0.002672895958814761,3.847480652700172,0,0
209,0,1,1,0.41128273640764224,0.6115837693214417,0.002173263011816781,4.035094603668371,0,0
210,0,1,1,0.4133048583714387,0.6029340624809265,0.001856825147205812,3.735922455581968,0,0
211,0,1,1,0.4159192867104678,0.5869230031967163,0.0021551287524597977,3.182139178585885,0,0
212,0,1,1,0.41806088585710244,0.5914183855056763,0.0020062933322602143,3.3376234287042474,0,0
213,0,1,1,0.41936815777995834,0.6020925641059875,0.0011990167634767755,3.7068170903847917,0,0
214,0,1,1,0.42111457654457457,0.5919016599655151,0.0008593253418442163,3.3543387071444446,0,0
215,0,1,1,0.4227000276462987,0.5731589794158936,0.0004923469002844098,2.7060753492855345,0,0
216,0,1,1,0.42482592427577587,0.5703092217445374,0.0009230582958038606,2.6075092198449483,0,0
217,0,1,1,0.4268286286164795,0.5633243918418884,0.001234503031839143,2.3659210822903156,0,0
218,0,1,1,0.42878995252012925,0.5647178888320923,0.0013307092263585866,2.414118725932813,0,0
219,0,1,1,0.4299178355175493,0.5597918033599854,0.0006941975357776208,2.2437375096071417,0,0
220,0,1,1,0.4318306483910638,0.5532242059707642,0.0006481091355917982,2.016580421519872,0,0
221,0,1,1,0.433191518391881,0.553955614566803,0.0002957539117761608,2.04187805123616,0,0
222,0,1,1,0.4343430966280754,0.5509335398674011,0.00023880424153889697,1.9373518983655527,0,0
223,0,1,1,0.4358215607806513,0.5521365404129028,0.0001903086593300074,1.9789607371369515,0,0
224,0,1,1,0.43689379163520997,0.5545048117637634,0.0004948684356964302,2.0608734354922005,0,0
225,0,1,1,0.43808473921567176,0.5877537727355957,0.0005697066662711777,3.2108734596539006,0,0
226,0,1,1,0.43883445713449143,0.5799784064292908,0.001043293953399191,2.9419426065156054,0,0
227,0,1,1,0.43959335362629504,0.5723855495452881,0.0014072375881995754,2.6793243067300336,0,0
228,0,1,1,0.4402856040377015,0.5478207468986511,0.001657935388204049,1.8296880230250414,0,0
229,0,1,1,0.4409161568632236,0.5387089848518372,0.0018753356633048031,1.5145345184427816,0,0
230,0,1,1,0.441503665363482,0.523163378238678,0.0019956815749343744,0.97685010791679,0,0
231,0,1,1,0.4421135356819242,0.5145670175552368,0.002053113313739888,0.6795230725837144,0,0
232,0,1,1,0.44220721764545934,0.5138397216796875,0.002589476864112009,0.6543676917836049,0,0
233,0,1,1,0.4428215341001521,0.5240274667739868,0.002455563811358666,1.0067368113636992,0,0
234,0,1,1,0.4432523589251914,0.5344818830490112,0.0025010832955515124,1.368329433131934,0,0
235,0,1,1,0.4445522664159547,0.5215094685554504,0.0016383491952155467,0.919645427828162,0,0
236,0,1,1,0.4450893742516932,0.5248558521270752,0.001710924042984699,1.0353886292919012,0,0
237,0,1,1,0.44594284469694156,0.5266743898391724,0.0015779927492947906,1.0982873891846516,0,0
238,0,1,1,0.4468120066383476,0.5268644094467163,0.0014891584570861068,1.1048597014277879,0,0
239,0,1,1,0.44757869836093844,0.5243008732795715,0.0016123786627843502,1.0161932719218127,0,0
240,0,1,1,0.44816819501089417,0.5222271084785461,0.0017794899990745102,0.9444668329120268,0,0
241,0,1,1,0.4485351373351095,0.5203643441200256,0.0021822528646593927,0.8800383817757359,0,0
242,0,1,1,0.449253982355924,0.519405722618103,0.0021114810033869254,0.8468820148352212,0,0
243,0,1,1,0.4498294694567446,0.5053564310073853,0.002146487831960445,0.36095147085618473,0,0
244,0,1,1,0.4505636123338117,0.49446308612823486,0.0019750377288449113,-0.015822614951716125,0,0
245,0,1,1,0.45142092545063917,0.4901055693626404,0.0017165789427468188,-0.1665384340103625,0,0
246,0,1,1,0.45228882472928067,0.49459904432296753,0.0015701266929877252,-0.011120154403851047,0,0
247,0,1,1,0.45307991410502385,0.4908464550971985,0.0015377479105836396,-0.14091301331331604,0,0
248,0,1,1,0.45384680216432327,0.4930240213871002,0.0015834710133540682,-0.06559633535389962,0,0
249,0,1,1,0.4544619429342294,0.5026400685310364,0.0017891277010758351,0.26699915408816405,0,0
250,0,1,1,0.454685440785646,0.503673791885376,0.0023258842205568205,0.30275310993280413,0,0
251,0,1,1,0.45470955729589674,0.5017361044883728,0.0029009217243974013,0.2357332546278739,0,0
252,0,1,1,0.45489955038434493,0.5019567012786865,0.0031183394336674304,0.2433631566391184,0,0
253,0,1,1,0.45492959043386405,0.5046356320381165,0.0033514864391537254,0.3360208021120671,0,0
254,0,1,1,0.45493098573703356,0.5062839388847351,0.0034670030108928636,0.39303169382213327,0,0
255,0,1,1,0.4547454890816398,0.5063321590423584,0.0037138859041335294,0.3946995108248614,0,0
256,0,1,1,0.45461462674073533,0.5085622072219849,0.003853731191473764,0.4718314086494226,0,0
257,0,1,1,0.45435458379753463,0.5089878439903259,0.004042543223772063,0.4865531406846284,0,0
258,0,1,1,0.45418720174156985,0.5031282305717468,0.00406617362065449,0.28388348196497903,0,0
259,0,1,1,0.454159821843606,0.5026326179504395,0.0039076075197524264,0.26674145677624683,0,0
260,0,1,1,0.45403054437342255,0.5101786255836487,0.0038904681804274007,0.5277393558644831,0,0
261,0,1,1,0.453830872807296,0.5052143335342407,0.003944119154725753,0.3560366677232999,0,0
262,0,1,1,0.4536140719401536,0.4993385970592499,0.004029992274308528,0.1528093520206617,0,0
263,0,1,1,0.45365853495131553,0.49883222579956055,0.003842246812792491,0.13529521191352106,0,0
264,0,1,1,0.4535436666137899,0.5032733678817749,0.0038317934272455003,0.2889034256011261,0,0
265,0,1,1,0.45378347207692166,0.49865078926086426,0.0034702685242056193,0.1290197669737134,0,0
266,0,1,1,0.45409920500680623,0.4953489601612091,0.0031426854117274612,0.014817595435239044,0,0
267,0,1,1,0.4543756273262973,0.49318912625312805,0.002987546358899526,-0.059885762921814446,0,0
268,0,1,1,0.45478461969289147,0.48759058117866516,0.0027578270860507932,-0.2535257078318851,0,0
269,0,1,1,0.45503206291165677,0.4855003356933594,0.0028206221370609104,-0.32582217329563196,0,0
270,0,1,1,0.45506683993820934,0.48576584458351135,0.0030979928191920943,-0.3166388718881506,0,0
271,0,1,1,0.4553412545666489,0.47628623247146606,0.0030654869236033085,-0.6445154081543865,0,0
272,0,1,1,0.45579316757079563,0.4755842387676239,0.0028549807295444847,-0.6687956488832251,0,0
273,0,1,1,0.4559861384001656,0.4821641743183136,0.0029141468696505498,-0.44121181404742077,0,0
274,0,1,1,0.4562162735224907,0.4878162443637848,0.0029225306194526875,-0.24572057164853695,0,0
275,0,1,1,0.45638882671086667,0.4853111803531647,0.003037335827147017,-0.3323645926505858,0,0
276,0,1,1,0.4567427475402821,0.48266828060150146,0.0029453080337860345,-0.42377601392310293,0,0
277,0,1,1,0.4567873802061435,0.4876382052898407,0.0031380703602962553,-0.2518785066141104,0,0
278,0,1,1,0.45687769511110404,0.49306267499923706,0.0032480659068302416,-0.06425940169967317,0,0
279,0,1,1,0.4570731034617696,0.4950575828552246,0.003218012953317942,0.0047395689607811564,0,0
280,0,1,1,0.45712996430972286,0.4938625395298004,0.0033322212930904623,-0.03659404908149018,0,0
281,0,1,1,0.45715112489587295,0.4923645853996277,0.0034078648993005585,-0.08840460903706722,0,0
282,0,1,1,0.4571533066151583,0.4952281415462494,0.003496619352447575,0.010638775825189717,0,0
283,0,1,1,0.4569589173923385,0.49814650416374207,0.0037599114512809175,0.11157778211390958,0,0
284,0,1,1,0.45691995230727867,0.49624061584472656,0.0037703300189829954,0.04565777893624196,0,0
285,0,1,1,0.45687114808315443,0.4926789402961731,0.0037666312424961797,-0.07753184405265669,0,0
286,0,1,1,0.45680521347191094,0.49111422896385193,0.00376257165056004,-0.13165137192301185,0,0
287,0,1,1,0.45662441866209386,0.49074357748031616,0.0038563431745652884,-0.14447129779626874,0,0
288,0,1,1,0.4565362446112431,0.4921238422393799,0.003860892542854888,-0.09673132457973581,0,0
289,0,1,1,0.45659813974960106,0.49023523926734924,0.0037030704804880245,-0.16205346999375553,0,0
290,0,1,1,0.45662611714436985,0.490637868642807,0.00360684100233091,-0.14812750725775,0,0
291,0,1,1,0.45664888371635426,0.49107781052589417,0.003539300348461197,-0.13291099638366313,0,0
292,0,1,1,0.4564101781028482,0.498254656791687,0.0037841222255323966,0.11531851629369967,0,0
293,0,1,1,0.45641760848983537,0.4941502809524536,0.0037451752114464583,-0.026641778895247884,0,0
294,0,1,1,0.4564593587503664,0.48984795808792114,0.0036582921359740147,-0.17544857626721164,0,0
295,0,1,1,0.45655606912733493,0.48892098665237427,0.003519892160504659,-0.20751024502670207,0,0
296,0,1,1,0.4565827766592368,0.49025607109069824,0.0034699809813479284,-0.16133294830963504,0,0
297,0,1,1,0.45657187847493347,0.48916685581207275,0.0035240288047484166,-0.19900623373343446,0,0
298,0,1,1,0.4564530130153216,0.4927174150943756,0.0036814617606348134,-0.07620109513391626,0,0
299,0,1,1,0.45651675486981697,0.49690917134284973,0.0036161334723782525,0.06878147412919622,0,0
300,0,1,1,0.456479507636013,0.4968127906322479,0.0036435521418027,0.06544790170223531,0,0
301,0,1,1,0.4564018809738667,0.4909089207649231,0.003695361548143078,-0.13875247905020224,0,0
302,0,1,1,0.4563947569396269,0.492704302072525,0.0036599862071161867,-0.07665464240289054,0,0
303,0,1,1,0.4563262966613244,0.4939457178115845,0.0037138824664949945,-0.033717116291246546,0,0
304,0,1,1,0.4563352904559996,0.49025580286979675,0.0036572741196966687,-0.16134222541286405,0,0
305,0,1,1,0.45613773425062354,0.48630601167678833,0.003818776030069357,-0.2979558167741535,0,0
306,0,1,1,0.45602032517975505,0.4862822890281677,0.0038701484201270593,-0.2987763250152979,0,0
307,0,1,1,0.4556277018348344,0.48975884914398193,0.004169163825079728,-0.17853063611774134,0,0
308,0,1,1,0.45578590092070287,0.49397242069244385,0.0038363160325887826,-0.0327935291253353,0,0
309,0,1,1,0.4556980868466139,0.4950704872608185,0.0037867827228535824,0.005185900705021748,0,0
310,0,1,1,0.4559474939295747,0.49003514647483826,0.0034274637888903727,-0.1689741890026039,0,0
311,0,1,1,0.4558607503301972,0.48536187410354614,0.003495999575722786,-0.3306112201403012,0,0
312,0,1,1,0.45581364084247034,0.4890749752521515,0.0036013711872903533,-0.20218415698399736,0,0
313,0,1,1,0.4561109458651989,0.4884956181049347,0.0033110011450036255,-0.2222226999586789,0,0
314,0,1,1,0.4562246217689972,0.4884969890117645,0.0033005399958515843,-0.22217528365328615,0,0
315,0,1,1,0.4562282476828311,0.4877103567123413,0.0033661960418733235,-0.24938296584550418,0,0
316,0,1,1,0.45628168462765634,0.4863796532154083,0.003404633435206525,-0.2954087365431639,0,0
317,0,1,1,0.4563502945196091,0.48129528760910034,0.0034530344895502803,-0.4712644745632047,0,0
318,0,1,1,0.4564783317657239,0.48448407649993896,0.0033848344070380705,-0.3609720866411381,0,0
319,0,1,1,0.4564536569527234,0.4898226857185364,0.0034729367192202184,-0.17632268554923478,0,0
320,0,1,1,0.4565036822391271,0.4904657006263733,0.003479263750289616,-0.1540823767415327,0,0
321,0,1,1,0.45651124912361263,0.4915291368961334,0.0035271962686717314,-0.11730072401696678,0,0
322,0,1,1,0.4564733132896829,0.48814594745635986,0.003605370753602383,-0.23431695020157697,0,0
323,0,1,1,0.45662304233913287,0.4845528304576874,0.003454387085142116,-0.3585940558467662,0,0
324,0,1,1,0.45643335804988244,0.4838394820690155,0.003686417720994925,-0.38326702727896667,0,0
325,0,1,1,0.4564791770925561,0.49014419317245483,0.003623017631010109,-0.16520253114538372,0,0
326,0,1,1,0.4563046587426007,0.4893316924571991,0.003789517973201398,-0.1933049384045783,0,0
327,0,1,1,0.4560804125191525,0.49540045857429504,0.003971600559879035,0.016598799255210735,0,0
328,0,1,1,0.45607618427214985,0.49287649989128113,0.003840171351886576,-0.07069874212986019,0,0
329,0,1,1,0.4558245195758029,0.48570242524147034,0.004002542603800394,-0.3188323914071898,0,0
330,0,1,1,0.4556780913845933,0.49033549427986145,0.003985306415821674,-0.15858589496459768,0,0
331,0,1,1,0.4557361121158128,0.49470317363739014,0.0037706438451003523,-0.007518576772496249,0,0
332,0,1,1,0.4558188675827806,0.49323153495788574,0.003601813277297608,-0.058418949822381744,0,0
333,0,1,1,0.4557774664101892,0.49137839674949646,0.003578885277546709,-0.12251445603167559,0,0
334,0,1,1,0.4557278128799865,0.4904177486896515,0.0036167755163459938,-0.1557409166410318,0,0
335,0,1,1,0.4560626126067374,0.49427852034568787,0.003294406163443367,-0.022206292762529025,0,0
336,0,1,1,0.4561680641313306,0.49515244364738464,0.003270579761581319,0.008020571136110956,0,0
337,0,1,1,0.45625559996236653,0.4902636408805847,0.0032703430676828934,-0.16107112784072716,0,0
338,0,1,1,0.45655427588589587,0.4827304780483246,0.0030912005321979104,-0.42162475676321814,0,0
339,0,1,1,0.45698006693127186,0.48748207092285156,0.002872025238299267,-0.2572788114826472,0,0
340,0,1,1,0.4575378279351407,0.49360525608062744,0.0025436278155639954,-0.04549285265661495,0,0
341,0,1,1,0.4576918240456365,0.4881984293460846,0.002732072656020737,-0.2325017303364322,0,0
342,0,1,1,0.45804406990423735,0.4890202581882477,0.00273888281823739,-0.20407668604271728,0,0
343,0,1,1,0.45873594057965406,0.4896396994590759,0.002419460647406055,-0.18265173152992123,0,0
344,0,1,1,0.4591663394536478,0.4912916421890259,0.002428030185507854,-0.12551508353163948,0,0
345,0,1,1,0.4597014453676201,0.4928760230541229,0.0023000521511623824,-0.07071523475782289,0,0
346,0,1,1,0.46010697904117465,0.4959592819213867,0.00239692380810366,0.03592712843824846,0,0
347,0,1,1,0.46033187480672283,0.4930162727832794,0.002687755326789801,-0.0658643405582935,0,0
348,0,1,1,0.46064952964405537,0.49249544739723206,0.002769084046224499,-0.08387841345055351,0,0
349,0,1,1,0.46103657401144327,0.4937268793582916,0.0027528372264384844,-0.04128620173687857,0,0
350,0,1,1,0.4613016826608452,0.48996245861053467,0.0028215107379923584,-0.17148828397766808,0,0
351,0,1,1,0.4613752407457071,0.4854053556919098,0.0030466285580480453,-0.3291072986279524,0,0
352,0,1,1,0.4615548764341461,0.48504534363746643,0.003127834354355122,-0.34155923273979155,0,0
353,0,1,1,0.4616361761240924,0.48845744132995605,0.0032728713619315205,-0.22354314098494263,0,0
354,0,1,1,0.46154860215393206,0.48946118354797363,0.003510345860254169,-0.18882615912345735,0,0
355,0,1,1,0.46140784832597953,0.4894499182701111,0.0037128295614784175,-0.18921579745907616,0,0
356,0,1,1,0.461379143642583,0.4928738474845886,0.0037496861399430566,-0.07079048237290271,0,0
357,0,1,1,0.4615613710687749,0.49233096837997437,0.003523525515860379,-0.08956733930843763,0,0
358,0,1,1,0.4615255069177393,0.4940449297428131,0.003540688403066564,-0.030285618885757103,0,0
359,0,1,1,0.4614486785011779,0.49228042364120483,0.003611743010579799,-0.09131555787248392,0,0
360,0,1,1,0.46159694840155113,0.49450165033340454,0.003473680654006131,-0.014488773665232695,0,0
361,0,1,1,0.46146426960800313,0.4914306104183197,0.003660810637296172,-0.12070851326975984,0,0
362,0,1,1,0.46160391318927685,0.48894816637039185,0.003496891690829532,-0.20657016523282812,0,0
363,0,1,1,0.4613545064731324,0.49509286880493164,0.0037658999748583335,0.005960023430021019,0,0
364,0,1,1,0.46105047453586895,0.5043380260467529,0.00404638890511044,0.32572734068484643,0,0
365,0,1,1,0.4609572681033706,0.4991427958011627,0.0040029768711882215,0.14603706666347765,0,0
366,0,1,1,0.4609997033155144,0.49596574902534485,0.00383379128288634,0.03615080970499259,0,0
367,0,1,1,0.46120703273757757,0.491828978061676,0.0034754093923824838,-0.10692995339617095,0,0
368,0,1,1,0.46116768936550967,0.5063678622245789,0.0034778843305617564,0.3959343963435686,0,0
369,0,1,1,0.4613508610707263,0.5073441863059998,0.0033240163327552226,0.42970305209719856,0,0
370,0,1,1,0.461876144188794,0.5074928402900696,0.00289713145652645,0.4348446288645706,0,0
371,0,1,1,0.4622792678678826,0.4984129071235657,0.002713117995757822,0.12079200719882101,0,0
372,0,1,1,0.4623532153239533,0.49282166361808777,0.0029072293222633635,-0.07259539434557079,0,0
373,0,1,1,0.46250435757704433,0.49552464485168457,0.003052468558783214,0.020894098050246637,0,0
374,0,1,1,0.46267331112796406,0.5025177001953125,0.003171889134442993,0.26276673343723594,0,0
375,0,1,1,0.4628647234727532,0.4976010322570801,0.0031797685244464,0.09271124651382748,0,0
376,0,1,1,0.46303863286033353,0.49716103076934814,0.00315222303808371,0.07749267406124527,0,0
377,0,1,1,0.46315887413107626,0.5068885684013367,0.003203336151436029,0.4139443460788379,0,0
378,0,1,1,0.463056747959433,0.5011255741119385,0.0034690914615872594,0.2146165061001308,0,0
379,0,1,1,0.46312647875205687,0.49884921312332153,0.0034952198768306688,0.1358827617846923,0,0
380,0,1,1,0.4632068515122624,0.5047734379768372,0.0034802859364510804,0.34078717159328764,0,0
381,0,1,1,0.4631787704476704,0.5019412040710449,0.0035504216640251914,0.2428271462303306,0,0
382,0,1,1,0.4632473163805348,0.5014196634292603,0.0034868498103093866,0.22478833439612655,0,0
383,0,1,1,0.4633823800053667,0.5025213360786438,0.003399428290752929,0.26289248972545154,0,0
384,0,1,1,0.4635512865029436,0.5049933195114136,0.0032944971065034774,0.34839233466258807,0,0
385,0,1,1,0.46378776101401814,0.5109987258911133,0.0031441313430992076,0.5561046143818332,0,0
386,0,1,1,0.46381711414162563,0.5021386742591858,0.0032670258570787177,0.24965715578538408,0,0
387,0,1,1,0.4638700120796792,0.4951454997062683,0.003356577359297783,0.0077803972414041255,0,0
388,0,1,1,0.4639957312392173,0.5025594234466553,0.0033527662183378522,0.2642098383839723,0,0
389,0,1,1,0.46422738445125805,0.5111556053161621,0.0032322241903655043,0.5615306889815618,0,0
390,0,1,1,0.46470154484752507,0.5064449310302734,0.0028679696534084616,0.3986000173380401,0,0
391,0,1,1,0.46458909900307666,0.5077640414237976,0.003201523174331711,0.4442248110183567,0,0
392,0,1,1,0.464543938038203,0.5054255723953247,0.0034264558700547844,0.3633429019107764,0,0
393,0,1,1,0.4647782695774855,0.5053421258926392,0.0033291760305186853,0.36045669201730374,0,0
394,0,1,1,0.4652485611375232,0.5124427080154419,0.002996605752037887,0.606048415009882,0,0
395,0,1,1,0.4656857283197702,0.5186107754707336,0.0026961926422904544,0.8193867424429035,0,0
396,0,1,1,0.4659020842268991,0.5236060619354248,0.0027539940643349055,0.9921614514016623,0,0
397,0,1,1,0.46633184272386996,0.5158253312110901,0.002663772114538052,0.7230450561987866,0,0
398,0,1,1,0.4665025389463666,0.5208786725997925,0.0028814691786374887,0.8978277426120042,0,0
399,0,1,1,0.4664870597382027,0.5258201956748962,0.0032104428390122538,1.0687429077679684,0,0
400,0,1,1,0.46657887004828763,0.5125912427902222,0.0033189653835354856,0.6111858686202634,0,0
401,0,1,1,0.46645964782187255,0.5176982283592224,0.0036073840652976865,0.7878239756792847,0,0
402,0,1,1,0.46653458277486315,0.5164008736610413,0.0035644003868077314,0.7429516581497665,0,0
403,0,1,1,0.46645673474269606,0.5123571157455444,0.003650259376098958,0.6030879882905773,0,0
404,0,1,1,0.4663517904623524,0.5187132358551025,0.003747622407565929,0.822930595876389,0,0
405,0,1,1,0.4662264086033649,0.5164629220962524,0.0038162343700696546,0.7450977613634129,0,0
406,0,1,1,0.46606928835721273,0.5146288871765137,0.003915044811594906,0.6816629910618748,0,0
407,0,1,1,0.46612275810921877,0.5176073312759399,0.00374525145517626,0.7846800684738949,0,0
408,0,1,1,0.46625205166991207,0.5207175612449646,0.0035324637361136115,0.8922552959391066,0,0
409,0,1,1,0.46631348422326585,0.5188383460044861,0.0034460964846497995,0.8272578491381025,0,0
410,0,1,1,0.4660911684563209,0.5271906852722168,0.0036901811565699357,1.116144782111266,0,0
411,0,1,1,0.4659194146812047,0.5182813405990601,0.0038674049564632303,0.8079923980991726,0,0
412,0,1,1,0.46587456508615677,0.5135077238082886,0.003861418694507621,0.6428846995645744,0,0
413,0,1,1,0.466048784380631,0.5169695019721985,0.003592827754094541,0.7626191169952873,0,0
414,0,1,1,0.46630547333833694,0.5181450247764587,0.003269963835729914,0.8032775680803355,0,0
415,0,1,1,0.4663757828713084,0.5160607099533081,0.003253230523262482,0.7311862296768747,0,0
416,0,1,1,0.46572172762180714,0.513846218585968,0.004021377820289646,0.6545924038395967,0,0
417,0,1,1,0.46507247843527955,0.5133558511734009,0.0046324176407298275,0.6376317975584542,0,0
418,0,1,1,0.46379533581754634,0.5108965635299683,0.005665483772125166,0.5525710688408245,0,0
419,0,1,1,0.46241483615647105,0.5144184231758118,0.006418449053002801,0.6743835573948377,0,0
420,0,1,1,0.46111790561289984,0.5300996899604797,0.006725142917864688,1.2167601205762177,0,0
421,0,1,1,0.4596928147640058,0.5258862376213074,0.0069992782645318915,1.0710271367408024,0,0
422,0,1,1,0.45837832722066185,0.5295682549476624,0.006968849890057413,1.1983790867117876,0,0
423,0,1,1,0.45731074213774175,0.547335147857666,0.006682182823756389,1.812892343023526,0,0
424,0,1,1,0.45611080717155295,0.5666743516921997,0.006606094285262873,2.481787978463775,0,0
425,0,1,1,0.4538715698918521,0.5809674859046936,0.007593556954626973,2.9761524400672377,0,0
426,0,1,1,0.45144045545713396,0.6113658547401428,0.008569360171306713,4.027557472689416,0,0
427,0,1,1,0.44807806746891693,0.6277283430099487,0.010197280218641771,4.59349581649401,0,0
428,0,1,1,0.44349290520193574,0.6353079676628113,0.012474273818416757,4.855656445853617,0,0
429,0,1,1,0.43686615328737227,0.6960742473602295,0.015946550240575924,6.957413044486858,0,0
430,0,1,1,0.42761379214067724,0.7282727956771851,0.020947557236150993,8.071081870825223,0,0
431,0,1,1,0.4152034780365071,0.7655842304229736,0.027401205511206964,9.361592900493648,0,1
432,0,1,1,0.39881309618816063,0.7788845300674438,0.035572940001450955,9.821617649100272,0,1
433,0,1,1,0.3773223535273454,0.8038260340690613,0.04589373040882242,10.684283108895798,1,1
434,0,1,1,0.34598750900275843,0.7714104652404785,0.06234262499340266,9.563108075255908,1,1
435,0,1,1,0.3101242755504244,0.7627904415130615,0.07779928766125702,9.264962593260185,1,3
436,0,1,1,0.2630273030597869,0.7520530819892883,0.09862645953037381,8.893583658374581,0,2
437,0,1,1,0.2059405241802137,0.7421233057975769,0.12176679012785357,8.55013705052231,0,2
438,0,1,1,0.13397216463600645,0.6797040104866028,0.15088969233527788,6.39120669547787,0,2
439,0,1,1,0.06286963376396863,0.6852622032165527,0.1689883871156277,6.583450951746597,0,2
440,0,1,1,0.9850199701102221,0.5607494711875916,0.1850243903227603,2.2768608912917307,0,2
441,0,1,1,0.9228637443913025,0.5603002309799194,0.17767878280428873,2.2613227741723714,0,2
442,0,1,1,0.8842140019711849,0.5591997504234314,0.1455593302771785,2.223259850412953,0,2
443,0,1,1,0.8613474714455266,0.5112430453300476,0.10598632013663145,0.564555024634222,0,2
444,0,1,1,0.8465641249828899,0.527561604976654,0.07038912601965763,1.1289739850877518,0,2
445,0,1,1,0.8364061444710099,0.5161043405532837,0.04593314524970457,0.7326953051354619,0,0
446,0,1,1,0.8307054054122788,0.5281057953834534,0.030019484328362572,1.1477961967501842,0,0
447,0,1,1,0.8274368771995944,0.5372973680496216,0.01991086340132045,1.4657101549377012,0,0
448,0,1,1,0.8252235210842616,0.5329098105430603,0.013646570955170186,1.3139553003174045,0,0
449,0,1,1,0.8242099261559859,0.541489839553833,0.009325014908788783,1.6107174631427577,0,0
450,0,1,1,0.8232953189752859,0.5501872897148132,0.007190567510732796,1.9115409356039257,0,0
451,0,1,1,0.822808627684216,0.5443698763847351,0.005824737192554383,1.7103308744589754,0,0
452,0,1,1,0.8227072443045556,0.5372352600097656,0.004769058193370282,1.4635619901455592,0,0
453,0,1,1,0.8225313005134685,0.5352290272712708,0.004315932789530877,1.3941713195709908,0,0
454,0,1,1,0.8223556537598702,0.5378517508506775,0.004071923132499791,1.484884896522836,0,0
455,0,1,1,0.822214962565103,0.534299910068512,0.003977698023413104,1.3620354339856682,0,0
456,0,1,1,0.8221380292082237,0.5394110083580017,0.0039062151005141406,1.5388157899608679,0,0
457,0,1,1,0.8221235035646339,0.5332816243171692,0.0037784369700208905,1.3268154269713206,0,0
458,0,1,1,0.8220752374549228,0.5259884595870972,0.0037247538425233514,1.0745627438603065,0,0
459,0,1,1,0.8221983057981923,0.5251846313476562,0.0035315814230170413,1.0467602962721834,0,0
460,0,1,1,0.8223940373314585,0.5297251343727112,0.0033316856980231376,1.2038051613115164,0,0
461,0,1,1,0.8222431429468213,0.5201331377029419,0.003546582113469085,0.8720415187923214,0,0
462,0,1,1,0.8221685265740311,0.516447901725769,0.003651108331806205,0.7445782435825878,0,0
463,0,1,1,0.8223058114638131,0.5231005549430847,0.003537145721801219,0.9746772041827041,0,0
464,0,1,1,0.8224063505639223,0.5215823650360107,0.0034634830380972067,0.9221667383279599,0,0
465,0,1,1,0.8223221548405468,0.5145427584648132,0.0035507570695886255,0.6786840101361119,0,0
466,0,1,1,0.8225225332781363,0.5051557421684265,0.003370131605430535,0.354010136062383,0,0
467,0,1,1,0.8225227866266868,0.5031757354736328,0.003458379932906372,0.2855265600257631,0,0
468,0,1,1,0.8226048923934891,0.5085439085960388,0.003430517956822446,0.47119850405135394,0,0
469,0,1,1,0.822768780409475,0.5110125541687012,0.003316265398228266,0.5565829005927515,0,0
470,0,1,1,0.8229013467465226,0.5095292329788208,0.0032953554534126935,0.5052784581577798,0,0
471,0,1,1,0.822875642073225,0.5058199167251587,0.0034157634938068145,0.37698230523592996,0,0
472,0,1,1,0.8229351309013323,0.5017081499099731,0.0034444885273341415,0.23476637431356057,0,0
473,0,1,1,0.8229849130629255,0.5052431225776672,0.003477265992701703,0.35703241013654796,0,0
474,0,1,1,0.8230758717885814,0.5034791231155396,0.0034403404304084425,0.29601999456703154,0,0
475,0,1,1,0.8230002336184428,0.49453112483024597,0.0035596098610618217,-0.01346932309928825,0,0
476,0,1,1,0.8231634277640356,0.5005803108215332,0.003427563601773401,0.19575718602478237,0,0
477,0,1,1,0.823323726337893,0.49867406487464905,0.0033243392435918758,0.12982481337614274,0,0
478,0,1,1,0.8236323251860403,0.4902423024177551,0.0031004437141863546,-0.16180917294205802,0,0
479,0,1,1,0.8237977169621633,0.4876845180988312,0.003074165287428124,-0.250276660123233,0,0
480,0,1,1,0.8239595763875663,0.4836669862270355,0.0031116766979552265,-0.3892332354444737,0,0
481,0,1,1,0.8241055266960585,0.48070433735847473,0.0031647635453457253,-0.4917039945552294,0,0
482,0,1,1,0.8241417774482942,0.490296334028244,0.003323962882651435,-0.1599403520360345,0,0
483,0,1,1,0.8243005741158123,0.4930092692375183,0.0032925292806968405,-0.06610657603149568,0,0
484,0,1,1,0.8245215685659475,0.503638744354248,0.0031972491189738413,0.3015409017775456,0,0
485,0,1,1,0.8248507670275324,0.5033993124961853,0.0030085487019842734,0.2932595409617745,0,0
486,0,1,1,0.8251223145140131,0.505102813243866,0.002923311298372003,0.3521794543585232,0,0
487,0,1,1,0.8257892317468818,0.5016815066337585,0.002501528331933009,0.23384484872614467,0,0
488,0,1,1,0.8262668332511038,0.4970424175262451,0.0023960912354783455,0.07339013285552344,0,0
489,0,1,1,0.826811312497704,0.49301284551620483,0.0022879281601672604,-0.06598288132177542,0,0
490,0,1,1,0.8270144113510637,0.4965481460094452,0.002574965674350502,0.05629449318293634,0,0
491,0,1,1,0.827325863543416,0.49012258648872375,0.0027365376912608626,-0.1659498533499436,0,0
492,0,1,1,0.8275244737579931,0.4860612154006958,0.0029220854258172864,-0.30642271965450507,0,0
493,0,1,1,0.8276463433831593,0.4836471676826477,0.003114625927373352,-0.38991871029417347,0,0
494,0,1,1,0.8277267870936323,0.48268619179725647,0.003242939938264186,-0.423156509585254,0,0
495,0,1,1,0.8278171803648441,0.4842463433742523,0.0033306406026946097,-0.3691946924697922,0,0
496,0,1,1,0.8281775670259999,0.4802752435207367,0.0030930831468958505,-0.5065452981431648,0,0
497,0,1,1,0.8285890342952589,0.4783582091331482,0.002844889194638542,-0.5728508164994606,0,0
498,0,1,1,0.828849129065317,0.48445940017700195,0.0028204671526052523,-0.3618255801382079,0,0
499,0,1,1,0.8289044951094183,0.48545825481414795,0.003045686601425149,-0.3272776477133403,0,0
500,0,1,1,0.8292125327991241,0.4876217246055603,0.0030094775978629336,-0.2524485330680712,0,0
501,0,1,1,0.82911221397479,0.48165732622146606,0.0033685378654781358,-0.45874244678252407,0,0
502,0,1,1,0.8291221828436564,0.48447293043136597,0.003489363916494512,-0.3613576018197663,0,0
503,0,1,1,0.8286706824361438,0.48719504475593567,0.0040091277685918554,-0.2672063427269455,0,0
504,0,1,1,0.8287178824743378,0.4885689318180084,0.003903474562079315,-0.21968695840941366,0,0
505,0,1,1,0.828497843462346,0.48210886120796204,0.003999850992874474,-0.44312495889109405,0,0
506,0,1,1,0.8281688822155009,0.4831368625164032,0.004175219611608602,-0.4075689145820064,0,0
507,0,1,1,0.8278425553277725,0.47820064425468445,0.004263221342298115,-0.5783005992518856,0,0
508,0,1,1,0.8276350859781411,0.47553521394729614,0.004263658914836735,-0.6704912971956403,0,0
509,0,1,1,0.827207166091079,0.465446799993515,0.004420879677849596,-1.0194247962132545,0,0
510,0,1,1,0.8267325521745041,0.47049376368522644,0.004572824251607735,-0.844862698699038,0,0
511,0,1,1,0.8262905352865522,0.4739338457584381,0.004655758629310528,-0.725878695840628,0,0
512,0,1,1,0.8258600737761582,0.4735836684703827,0.004698215129399383,-0.7379904695007365,0,0
513,0,1,1,0.8257586626268899,0.4694350063800812,0.004355873228171989,-0.8814825175117199,0,0
514,0,1,1,0.8255079999063332,0.47236835956573486,0.0042444100826814464,-0.7800250242314226,0,0
515,0,1,1,0.8253553545846648,0.476254940032959,0.004090917337307068,-0.6455977368644387,0,0
516,0,1,1,0.8251982733551717,0.47747448086738586,0.004014203391328322,-0.6034168100605836,0,0
517,0,1,1,0.8250448680090436,0.4735106825828552,0.00400215863220976,-0.7405148723682774,0,0
518,0,1,1,0.8250231167174237,0.47963616251945496,0.0038454612693681585,-0.5286495427701746,0,0
519,0,1,1,0.8251309621905106,0.47686293721199036,0.003616394999053832,-0.6245686054227474,0,0
520,0,1,1,0.8253007264235854,0.4818873107433319,0.003390532667440491,-0.45078784615826395,0,0
521,0,1,1,0.8256343030644615,0.47583508491516113,0.0030825692936678447,-0.6601194957855968,0,0
522,0,1,1,0.8260633861889516,0.4701876640319824,0.002800844933032229,-0.8554499350618443,0,0
523,0,1,1,0.8264876676197056,0.4763921797275543,0.002636630870160192,-0.6408509523789239,0,0
524,0,1,1,0.8270565684304987,0.4808909296989441,0.0024069064166658523,-0.485250223075575,0,0
525,0,1,1,0.8278266852075546,0.48266005516052246,0.0020757501413382036,-0.42406051175545956,0,0
526,0,1,1,0.8286402200586012,0.48122334480285645,0.0018103108260649732,-0.4737527998070772,0,0
527,0,1,1,0.8292641999153222,0.4716305732727051,0.0018305394367563428,-0.8055432428467115,0,0
528,0,1,1,0.8297647947707032,0.4684825837612152,0.00202407765527948,-0.9144244802887195,0,0
529,0,1,1,0.8306281756777495,0.4694984555244446,0.0018377533332843117,-0.879287967203433,0,0
530,0,1,1,0.8310588214345969,0.4721936285495758,0.002107480193985653,-0.7860685415905049,0,0
531,0,1,1,0.8313386024063446,0.4676797688007355,0.002432349566236833,-0.9421918810424217,0,0
532,0,1,1,0.8316188529400206,0.46710193157196045,0.0026706996553164638,-0.9621778537654722,0,0
533,0,1,1,0.8322832041025059,0.47259217500686646,0.0024698630351604996,-0.7722837969814299,0,0
534,0,1,1,0.8319097891994057,0.47372016310691833,0.003257035044449766,-0.7332694547464134,0,0
535,0,1,1,0.8314459643344639,0.46835896372795105,0.003933601850593768,-0.9187001940880497,0,0
536,0,1,1,0.8309174995146941,0.4668549597263336,0.0044889071523934706,-0.9707200042609035,0,0
537,0,1,1,0.8304397958006162,0.4701598584651947,0.004791272510139691,-0.8564116614299193,0,0
538,0,1,1,0.8301915294927855,0.4700911343097687,0.004578686742497976,-0.8587886614350435,0,0
539,0,1,1,0.8299892288516528,0.4670240581035614,0.004351422456975615,-0.9648713060696308,0,0
540,0,1,1,0.8294262868447182,0.474901407957077,0.0045501805932074675,-0.6924130921258127,0,0
541,0,1,1,0.8293999430181475,0.4769377112388611,0.00420372125228424,-0.6219823552003464,0,0
542,0,1,1,0.8293143819672482,0.4740965664386749,0.0040293191075663455,-0.7202505865483564,0,0
543,0,1,1,0.8290590134782112,0.47150275111198425,0.004065400715218962,-0.809964297929963,0,0
544,0,1,1,0.8288169655125277,0.4718732535839081,0.0040748948375420565,-0.7971495260029444,0,0
545,0,1,1,0.8283650628262514,0.4675496816635132,0.004374467190770695,-0.946691276108496,0,0
546,0,1,1,0.828149367047663,0.4734043776988983,0.004331442921385179,-0.744191697614712,0,0
547,0,1,1,0.8280140068546217,0.4769001007080078,0.004175549384530156,-0.6232832112309045,0,0
548,0,1,1,0.8277658508505998,0.47685834765434265,0.0041624537326546114,-0.6247273469668885,0,0
549,0,1,1,0.8275555637633154,0.47525766491889954,0.004109962154457078,-0.6800910374591799,0,0
550,0,1,1,0.8275395094573214,0.47438254952430725,0.00392364169471712,-0.7103591329277266,0,0
551,0,1,1,0.8276593372621147,0.4719121754169464,0.00365134949233836,-0.795803315245489,0,0
552,0,1,1,0.8277997186460297,0.4644743502140045,0.003422300710296586,-1.0530594493646874,0,0
553,0,1,1,0.8278557429483124,0.46699994802474976,0.0033747433568713766,-0.9657052145709948,0,0
554,0,1,1,0.827755744992942,0.47056031227111816,0.003549786108491046,-0.8425609463089936,0,0
555,0,1,1,0.8274050271704763,0.4696142375469208,0.003954562814861976,-0.8752833509762398,0,0
556,0,1,1,0.8273751295311758,0.47150880098342896,0.003920882931252864,-0.8097550477126862,0,0
557,0,1,1,0.8271885824685353,0.46374455094337463,0.0040012827151797966,-1.0783014164616012,0,0
558,0,1,1,0.8270352066633823,0.460853636264801,0.003987868400388586,-1.178291065853218,0,0
559,0,1,1,0.8270678973072286,0.45807990431785583,0.003775043174152279,-1.2742276519230011,0,0
560,0,1,1,0.8272017520167407,0.46527013182640076,0.0035569059988282666,-1.0255353148734352,0,0
561,0,1,1,0.8274978523505284,0.4670571982860565,0.003217461286431825,-0.9637250684262231,0,0
562,0,1,1,0.827754510300461,0.4704047441482544,0.003038120806997527,-0.8479416661818248,0,0
563,0,1,1,0.8281084972065631,0.46900445222854614,0.0028639598101650983,-0.8963743297727911,0,0
564,0,1,1,0.8283693022680877,0.4705311954021454,0.0028633047234741223,-0.843568027403966,0,0
565,0,1,1,0.8286926235058755,0.4713430106639862,0.0028318710485230854,-0.8154893282974678,0,0
566,0,1,1,0.8291547814699196,0.47771188616752625,0.0026684058733157075,-0.5952055429136539,0,0
567,0,1,1,0.8292777752825053,0.4705662429332733,0.0028954798530946265,-0.8423558192487075,0,0
568,0,1,1,0.8294418222708825,0.4642917811870575,0.0030237523837030574,-1.0593740642959066,0,0
569,0,1,1,0.8296816574287211,0.46378636360168457,0.003052047226563101,-1.076855219147122,0,0
570,0,1,1,0.8299046179287717,0.4710308313369751,0.0030763452072239657,-0.8262868456667986,0,0
571,0,1,1,0.8306983516931428,0.47053229808807373,0.0024700705575658984,-0.8435298882018023,0,0
572,0,1,1,0.8310543343433412,0.47087088227272034,0.0024692320100268257,-0.831819091559037,0,0
573,0,1,1,0.8311864947931558,0.4688386023044586,0.002740199578326938,-0.902110671936068,0,0
574,0,1,1,0.8311119651115179,0.4673248827457428,0.003190938601073498,-0.9544665194036619,0,0
575,0,1,1,0.8311714048650567,0.4665004312992096,0.0034333356432212055,-0.9829822731511716,0,0
576,0,1,1,0.8311515714232406,0.4640909433364868,0.003571432378015796,-1.0663205530359467,0,0
577,0,1,1,0.83091003922404,0.4639376699924469,0.003837273847191178,-1.0716219021367073,0,0
578,0,1,1,0.8307140953749189,0.46514827013015747,0.003964103804033389,-1.029750212107153,0,0
579,0,1,1,0.8303633992306882,0.45346930623054504,0.00421533251411432,-1.433696933272851,0,0
580,0,1,1,0.8302099414503052,0.4603331387042999,0.004166788885905212,-1.1962938000637537,0,0
581,0,1,1,0.8300332926505769,0.46311235427856445,0.004108030192399717,-1.1001675487723994,0,0
582,0,1,1,0.8297577418127031,0.46697917580604553,0.004164394386907713,-0.9664236746766199,0,0
583,0,1,1,0.8296980185528227,0.46556708216667175,0.003985029256234227,-1.0152645308096633,0,0
584,0,1,1,0.8295273278746251,0.4654599130153656,0.003989374764965356,-1.0189712489442802,0,0
585,0,1,1,0.8292274998953811,0.46115827560424805,0.004118549350289322,-1.1677543381635476,0,0
586,0,1,1,0.8289605126291808,0.45962244272232056,0.004184088427690716,-1.2208750312529117,0,0
587,0,1,1,0.8286320406585457,0.4643469452857971,0.004313253102445261,-1.0574660733984715,0,0
588,0,1,1,0.8283188805283271,0.4721129834651947,0.004359918759094553,-0.7888578572946966,0,0
589,0,1,1,0.828052166257422,0.4746420383453369,0.004324521193425243,-0.7013840509482743,0,0
590,0,1,1,0.8280052445638779,0.4696124494075775,0.00407760947747948,-0.8753451983310998,0,0
591,0,1,1,0.8279682582112582,0.4645996689796448,0.003875778813773487,-1.0487249805782402,0,0
592,0,1,1,0.8279523866566305,0.46034204959869385,0.003725704756579293,-1.1959855940787008,0,0
593,0,1,1,0.8278229744009654,0.4643612504005432,0.003763493544320232,-1.0569712945595906,0,0
594,0,1,1,0.827931117258502,0.47071510553359985,0.003598052722669523,-0.8372070269566018,0,0
595,0,1,1,0.8277335183952121,0.46684789657592773,0.003777119759615391,-0.970964301312601,0,0
596,0,1,1,0.827508525555177,0.4659525156021118,0.003943427645639067,-1.0019333334695626,0,0
597,0,1,1,0.8274244402585347,0.46305400133132935,0.003916547666917955,-1.102185834119335,0,0
598,0,1,1,0.8271340714294336,0.46381470561027527,0.004107282960411321,-1.0758749385725888,0,0
599,0,1,1,0.8269876017315458,0.46173012256622314,0.004054491201032015,-1.1479755540792786,0,0
600,0,1,1,0.8267035582214146,0.4575878083705902,0.004152055545246666,-1.2912480439805085,0,0
601,0,1,1,0.8265494189664242,0.45852795243263245,0.004104952966796496,-1.2587307663735485,0,0
602,0,1,1,0.8265105241282493,0.46427929401397705,0.003925092481943751,-1.05980596499068,0,0
603,0,1,1,0.826468564774479,0.46340370178222656,0.003811165010417947,-1.0900905530871892,0,0
604,0,1,1,0.8264930895540689,0.4607877731323242,0.0036568809915614427,-1.1805691100905662,0,0
605,0,1,1,0.8263675086823399,0.46075761318206787,0.003729844696453985,-1.181612268809207,0,0
606,0,1,1,0.8262996483749532,0.46335214376449585,0.0037522274328196078,-1.0918738184856562,0,0
607,0,1,1,0.8261697665838155,0.4655357301235199,0.0038293902856332803,-1.0163489210982108,0,0
608,0,1,1,0.8262258795522054,0.46649113297462463,0.003698577769577463,-0.9833038793964443,0,0
609,0,1,1,0.8261878964573628,0.46286141872406006,0.0036697583639541927,-1.1088467942377709,0,0
610,0,1,1,0.826115408833742,0.4615856409072876,0.0036973429313306968,-1.152972820351977,0,0
611,0,1,1,0.8265146138627407,0.45961055159568787,0.0032520780170292004,-1.2212863161627314,0,0
612,0,1,1,0.8265116939609365,0.4655701816082001,0.003341209738564746,-1.0151573287279057,0,0
613,0,1,1,0.8265791898804876,0.46419477462768555,0.0033451674211963907,-1.0627292832970685,0,0
614,0,1,1,0.8266630764544118,0.4585154056549072,0.0033591042030533787,-1.259164728646817,0,0
615,0,1,1,0.8269551692952617,0.45909079909324646,0.0032039282673709786,-1.2392632806420754,0,0
616,0,1,1,0.82705652328619,0.45864540338516235,0.003212713134572967,-1.2546684259484857,0,0
617,0,1,1,0.8272290590275668,0.46261483430862427,0.003176384724509454,-1.1173755444729825,0,0
618,0,1,1,0.8272559481414172,0.46322327852249146,0.0033119628974288525,-1.0963309511925763,0,0
619,0,1,1,0.8273386765260555,0.4590257406234741,0.003377452434541903,-1.2415134935697365,0,0
620,1,1,1,0.8274842792111954,0.457419753074646,0.003327726557100505,-1.2970606645481129,0,0
621,1,1,1,0.8275906275215764,0.45650461316108704,0.0033283172279708314,-1.3287131099762788,0,0
622,1,1,1,0.8278244643761785,0.4611515700817108,0.0031848724968711302,-1.167986265744273,0,0
623,1,1,1,0.8279436276979932,0.4627513885498047,0.0032078382337467322,-1.112652468140164,0,0
624,1,1,1,0.8280272092819418,0.4593452513217926,0.003275494442782548,-1.2304624020454793,0,0
625,1,1,1,0.8279497232242249,0.4589061141014099,0.003488713018186121,-1.245651081609879,0,0
626,1,1,1,0.8278908554432163,0.4606761038303375,0.003637354724856848,-1.1844314774015812,0,0
627,1,1,1,0.8277993336638684,0.4653538465499878,0.0037454742709641916,-1.0226398278767335,0,0
628,1,1,1,0.827934208368706,0.46509483456611633,0.003574526057595337,-1.031598417228223,0,0
629,1,1,1,0.828045062589796,0.4614987075328827,0.003440421608196351,-1.1559796325874268,0,0
630,1,1,1,0.8282621768618155,0.46148279309272766,0.0032471421775697147,-1.1565300740456819,0,0
631,1,1,1,0.828370835984264,0.46376752853393555,0.0032313134097710057,-1.0775066779516485,0,0
632,1,1,1,0.8286416952839073,0.4624306857585907,0.0031033296902265835,-1.123744791234328,0,0
633,1,1,1,0.8286911716462915,0.46388915181159973,0.0032307250566427333,-1.0733000270319122,0,0
634,1,1,1,0.8287458596405324,0.4717467427253723,0.00333756432652568,-0.8015252263592986,0,0
635,1,1,1,0.8291698743503274,0.4638579785823822,0.003034470311409879,-1.0743782325849738,0,0
636,1,1,1,0.8293565059486643,0.46144288778305054,0.003047598304588864,-1.1579103008483105,0,0
637,1,1,1,0.8293683895038751,0.4625000059604645,0.003214417415567242,-1.1213471754442503,0,0
638,1,1,1,0.8293152228765845,0.46310698986053467,0.0034368885072537632,-1.1003530908369799,0,0
639,1,1,1,0.8293325257949709,0.4603659212589264,0.0035619263978804968,-1.195159931891318,0,0
640,1,1,1,0.8291785324629856,0.463474303483963,0.00375658259102665,-1.0876486133594618,0,0
641,1,1,1,0.8294791598938465,0.46070611476898193,0.0034114617887460704,-1.1833934726291786,0,0
642,1,1,1,0.8295015134102518,0.4584601819515228,0.0034168008698335613,-1.2610747811227474,0,0
643,1,1,1,0.829450865534735,0.46313878893852234,0.00351402137876716,-1.0992532387097174,0,0
644,1,1,1,0.8290791734896905,0.46508604288101196,0.003915298358752703,-1.0319025000562854,0,0
645,1,1,1,0.8290936667080337,0.46577468514442444,0.003875965397085704,-1.0080840529104023,0,0
646,1,1,1,0.828972785838088,0.46803534030914307,0.0039004729705782977,-0.9298935345284852,0,0
647,1,1,1,0.8287257435094976,0.46591779589653015,0.00401533340612775,-1.0031342029430967,0,0
648,1,1,1,0.8286238195298882,0.46625277400016785,0.003935976879427786,-0.9915481317992993,0,0
649,1,1,1,0.8285127041557562,0.46828263998031616,0.003933253763609199,-0.9213400453513295,0,0
650,1,1,1,0.8284506475149915,0.4676281213760376,0.0038500697663044455,-0.9439782388086317,0,0
651,1,1,1,0.8282826681269695,0.45980557799339294,0.0038875145735523782,-1.214540831325987,0,0
652,1,1,1,0.828173730688206,0.45665523409843445,0.0038856831666838594,-1.3235035011185607,0,0
653,1,1,1,0.8281092995235522,0.4605909287929535,0.0038375921209171356,-1.1873774730714186,0,0
654,1,1,1,0.8282151506603488,0.4652143120765686,0.003630889826069514,-1.0274659831343187,0,0
655,1,1,1,0.8283386329601287,0.4678744077682495,0.0034485333126289515,-0.9354597964658968,0,0
656,1,1,1,0.8282335396321784,0.46874329447746277,0.003567617848869023,-0.9054071359501128,0,0
657,1,1,1,0.8281663968199363,0.46118611097335815,0.0036497128971041933,-1.1667915810062248,0,0
658,1,1,1,0.8282503208443963,0.4595881700515747,0.003580063196740227,-1.2220604388877307,0,0
659,1,1,1,0.8281898099037286,0.4569273889064789,0.003649366683419833,-1.3140903337088492,0,0
660,1,1,1,0.8282809055451482,0.4539026618003845,0.00352106527790019,-1.418708226822499,0,0
661,1,1,1,0.8283895303650796,0.461411714553833,0.0034242819362113016,-1.158988506401372,0,0
662,1,1,1,0.8284718190612167,0.4609774351119995,0.0033977766263599803,-1.1740091673184019,0,0
663,1,1,1,0.8285193344001964,0.4562760293483734,0.0034056358415853446,-1.3366192635058984,0,0
664,1,1,1,0.82849856864812,0.461807519197464,0.0035087827177787386,-1.1452985944030827,0,0
665,1,1,1,0.828533095502898,0.46846452355384827,0.0035286716387436775,-0.9150491385728068,0,0
666,1,1,1,0.8286323132030295,0.46948233246803284,0.0034653452230667377,-0.8798456241864219,0,0
667,1,1,1,0.8287047134120961,0.4720013439655304,0.003433068549453436,-0.7927191938164639,0,0
668,1,1,1,0.8288878628491703,0.4687263071537018,0.0032962638653541406,-0.9059946858212841,0,0
669,1,1,1,0.8286604862980903,0.46533945202827454,0.0036209639666966694,-1.0231376990833574,0,0
670,1,1,1,0.8282760572345571,0.46640798449516296,0.004037240729027944,-0.9861797813974402,0,0
671,1,1,1,0.8280314584685545,0.46177154779434204,0.004192775502912413,-1.1465427570250188,0,0
672,1,1,1,0.8278768156825732,0.4593718349933624,0.004179104553008348,-1.2295429380365586,0,0
673,1,1,1,0.8280274347523752,0.4652789831161499,0.003775723691557123,-1.0252291704668774,0,0
674,1,1,1,0.8278734202454612,0.46689486503601074,0.00377147531204233,-0.969339777458275,0,0
675,1,1,1,0.827735692645982,0.46712052822113037,0.003808543664247513,-0.9615346412749268,0,0
676,1,1,1,0.8277014944818275,0.4647599458694458,0.0037688003727588933,-1.0431813960042773,0,0
677,1,1,1,0.8275394983774941,0.4584421217441559,0.0038869661769058957,-1.2616994394068346,0,0
678,1,1,1,0.8274168758346653,0.4547305107116699,0.003887604626014421,-1.390074963100755,0,0
679,1,1,1,0.8273094300881366,0.46239814162254333,0.003880914269844102,-1.1248704130927822,0,0
680,1,1,1,0.8271980829222467,0.4682731032371521,0.003885695796272651,-0.9216698979105835,0,0
681,1,1,1,0.8271490153439315,0.4639891982078552,0.0038089104846926987,-1.069839667527488,0,0
682,1,1,1,0.8271219034381314,0.46211129426956177,0.0037384016321021203,-1.1347917596015946,0,0
683,1,1,1,0.8271042263487316,0.46272096037864685,0.0036823356223684685,-1.113704903962034,0,0
684,1,1,1,0.8270599987849013,0.45953336358070374,0.0036752622513474805,-1.2239560603141937,0,0
685,1,1,1,0.8274546901373306,0.45713308453559875,0.003246049864581821,-1.306975826321439,0,0
686,1,1,1,0.8276010864088814,0.45892399549484253,0.0031760722913808355,-1.2450326080612777,0,0
687,1,1,1,0.8279902249105628,0.46024006605148315,0.0029067295323869065,-1.1995129548842234,0,0
688,1,1,1,0.8278421110900366,0.46377652883529663,0.0032763429933709816,-1.0771953795988525,0,0
689,1,1,1,0.8278517658255833,0.4609694480895996,0.00346221633410809,-1.174285418836777,0,0
690,1,1,1,0.8280036780928702,0.45830509066581726,0.0034095729888843048,-1.2664390083676158,0,0
691,1,1,1,0.8283391686663877,0.4584249258041382,0.0031747303363640596,-1.2622942048027395,0,0
692,1,1,1,0.828455201012098,0.46073251962661743,0.0031459339296099316,-1.182480193355744,0,0
693,1,1,1,0.8288456775861628,0.46551090478897095,0.0029087298360605226,-1.017207568541519,0,0
694,1,1,1,0.8289676582042477,0.45915359258651733,0.0030352271581205155,-1.2370914076972372,0,0
695,1,1,1,0.8291829040605894,0.45343032479286194,0.0030609763296231803,-1.4350452056088019,0,0
696,1,1,1,0.8292897568954362,0.45985761284828186,0.0031650573433268077,-1.2127410732995572,0,0
697,1,1,1,0.8293588536900215,0.46198275685310364,0.00330459951957601,-1.13923755362679,0,0
698,1,1,1,0.8294190114682606,0.4609842300415039,0.0033727357673015964,-1.1737741473699335,0,0
699,1,1,1,0.8295640645804347,0.4553527235984802,0.003340520971130659,-1.3685541451879257,0,0
700,1,1,1,0.8298215416768016,0.4530964493751526,0.0031783340047251947,-1.4465931375504355,0,0
701,1,1,1,0.8293315825498979,0.4515543282032013,0.0038012393269701824,-1.4999313271710577,0,0
702,1,1,1,0.8292516410379144,0.4521760642528534,0.0038743630539228276,-1.4784270018861911,0,0
703,1,1,1,0.8293191923343342,0.45279017090797424,0.0037649691499165,-1.4571865586487278,0,0
704,1,1,1,0.8290612080241963,0.4568856358528137,0.0039617353985292566,-1.3155344694448332,0,0
