frame,label,valid,inference_valid,phase,feature_raw,time_raw,score,alarm,evidence_type
8,0,0,0,0.9717541251576568,0.9341635704040527,nan,-0.05584976551211858,0,0
9,0,0,0,0.9717541251576568,0.927150309085846,nan,-0.2736061098507894,0,0
10,0,0,0,0.9717541251576568,0.9351973533630371,nan,-0.023751603505286295,0,0
11,0,0,0,0.9717541251576568,0.9256146550178528,nan,-0.3212869819647209,0,0
12,0,0,0,0.9717541251576568,0.9357007741928101,0.0035919540229885057,-0.008120775766027448,0,0
13,0,0,0,0.9717541251576568,0.9391924738883972,0.0035919540229885057,0.10029380152423097,0,0
14,0,0,0,0.9717541251576568,0.9288939833641052,0.0035919540229885057,-0.21946637095849977,0,0
15,0,0,0,0.9717541251576568,0.9460679292678833,0.0035919540229885057,0.3137713779570095,0,0
16,0,0,0,0.9717541251576568,0.9421895742416382,0.0035919540229885057,0.19335145144290877,0,0
17,0,0,0,0.9717541251576568,0.9264153242111206,0.0035919540229885057,-0.2964268222416017,0,0
18,0,0,0,0.9717541251576568,0.9306069016456604,0.0035919540229885057,-0.16628158199676393,0,0
19,0,1,1,0.9717541251576568,0.9243507981300354,0.0035919540229885057,-0.3605287616691069,0,0
20,0,1,1,0.9717541251576568,0.9486358165740967,0.0035919540229885057,0.3935022944456135,0,0
21,0,1,1,0.44828343651387903,1.0381038188934326,0.4729373573332337,3.171414628863477,0,2
22,0,1,1,0.9717541251576568,0.9289390444755554,0.1227242818620441,-0.2180672582695488,0,0
23,0,1,1,0.9717541251576568,0.9323970079421997,0.1227242818620441,-0.11070016481784363,0,0
24,0,1,1,0.9717541251576568,0.9387857913970947,0.12272428186204408,0.08766662443863268,0,0
25,0,1,1,0.9717541251576568,0.9468952417373657,0.1227242818620441,0.33945879081764324,0,0
26,0,1,1,0.9717541251576568,0.933842658996582,0.0035919540229885057,-0.0658138167254941,0,0
27,0,1,1,0.9717541251576568,0.9286049008369446,0.0035919540229885057,-0.22844216003444168,0,0
28,0,1,1,0.9717541251576568,0.9286392331123352,0.0035919540229885057,-0.2273761694142886,0,0
29,0,1,1,0.9717541251576568,0.9420282244682312,0.0035919540229885057,0.18834166566382118,0,0
30,0,1,1,0.4747594421870113,1.040172815322876,0.500586636993634,3.235655369152981,0,2
31,0,1,1,0.9717541251576568,0.9572222232818604,0.1271222339610522,0.6601035874608483,0,0
32,0,1,1,0.9717541251576568,0.927564263343811,0.12640384315645448,-0.2607531500296726,0,0
33,0,1,1,0.9769029620937478,0.9370782971382141,0.12718811086653403,0.034650247189455766,0,0
34,0,1,1,0.9717541251576568,0.9691369533538818,0.12625427078128185,1.0300467489298142,0,0
35,0,1,1,0.9717541251576568,0.9606174826622009,0.004879163257011263,0.765523767488246,0,0
36,0,1,1,0.9876123516459128,1.039488434791565,0.010979063231244703,3.2144058825199986,0,0
37,0,1,1,0.9717541251576568,1.0013076066970825,0.008843719879075253,2.0289206749327904,0,0
38,0,1,1,0.9717541251576568,1.0275356769561768,0.007556510645052498,2.8432819883849603,0,0
39,0,1,1,0.4280791773764962,1.0743407011032104,0.44876854157378687,4.2965418189408355,0,2
40,0,1,1,0.9719319634492003,1.0303722620010376,0.12145993540821887,2.9313557620187902,0,0
41,0,1,1,0.9717541251576568,1.0526376962661743,0.11771767665058422,3.6226802900386366,0,0
42,0,1,1,0.9717541251576568,1.0451918840408325,0.1177176766505842,3.391493574292933,0,0
43,0,1,1,0.9717541251576568,1.024348258972168,0.11771767665058422,2.744315123101441,0,0
44,0,1,1,0.9717541251576568,1.042309284210205,0.00363641359587438,3.3019910771195917,0,0
45,0,1,1,0.9717541251576568,1.090547800064087,0.0035919540229885057,4.799759717423179,0,0
46,0,1,1,0.9717541251576568,1.0209131240844727,0.0035919540229885057,2.637656839385011,0,0
47,0,1,1,0.9717541251576568,1.01543390750885,0.0035919540229885057,2.467531398849952,0,0
48,0,1,1,0.9717541251576568,1.0002678632736206,0.0035919540229885057,1.996637445109959,0,0
49,0,1,1,0.9717541251576568,0.9725185632705688,0.0035919540229885057,1.1350431236585747,0,0
50,0,1,1,0.9717541251576568,0.9988434910774231,0.0035919540229885057,1.9524117891207253,0,0
51,0,1,1,0.9717541251576568,0.9818808436393738,0.0035919540229885057,1.4257346942823736,0,0
52,0,1,1,0.9717541251576568,0.9687265753746033,0.0035919540229885057,1.0173048297982967,0,0
53,0,1,1,0.9717541251576568,0.9918402433395386,0.0035919540229885057,1.7349663587129325,0,0
54,0,1,1,0.9717541251576568,0.9486705660820007,0.0035919540229885057,0.39458123981288656,0,0
55,0,1,1,0.9717541251576568,0.9872628450393677,0.0035919540229885057,1.5928416787384923,0,0
56,0,1,1,0.9717541251576568,0.988795816898346,0.0035919540229885057,1.6404392703352242,0,0
57,0,1,1,0.9717541251576568,0.9711787104606628,0.0035919540229885057,1.0934417293002041,0,0
58,0,1,1,0.9717541251576568,0.9470346570014954,0.0035919540229885057,0.34378752703385523,0,0
59,0,1,1,0.9717541251576568,1.0370742082595825,0.0035919540229885057,3.1394460143278438,0,0
60,0,1,1,0.9717541251576568,1.0235655307769775,0.0035919540229885057,2.720012017504478,0,0
61,0,1,1,0.9717541251576568,0.9824589490890503,0.0035919540229885057,1.4436844217560976,0,0
62,0,1,1,0.9717541251576568,0.940046489238739,0.0035919540229885057,0.12681031820053937,0,0
63,0,1,1,0.9717541251576568,1.0166934728622437,0.0035919540229885057,2.506639929726819,0,0
64,0,1,1,0.9717541251576568,0.9743661880493164,0.0035919540229885057,1.1924104452618836,0,0
65,0,1,1,0.9717541251576568,0.9755750298500061,0.0035919540229885057,1.2299440490246007,0,0
66,0,1,1,0.9717541251576568,0.9706314206123352,0.0035919540229885057,1.076448802435194,0,0
67,0,1,1,0.9717541251576568,0.9780904650688171,0.0035919540229885057,1.3080463687324153,0,0
68,0,1,1,0.9717541251576568,0.9743509292602539,0.0035919540229885057,1.1919366716529267,0,0
69,0,1,1,0.9717541251576568,0.9802122116088867,0.0035919540229885057,1.373924959193509,0,0
70,0,1,1,0.9717541251576568,0.9525412321090698,0.0035919540229885057,0.5147624288443489,0,0
71,0,1,1,0.9717541251576568,0.9961071014404297,0.0035919540229885057,1.8674490054738353,0,0
72,0,1,1,0.9717541251576568,0.9995399713516235,0.0035919540229885057,1.9740369634201855,0,0
73,0,1,1,0.9717541251576568,0.9610062837600708,0.0035919540229885057,0.777595741125848,0,0
74,0,1,1,0.9717541251576568,0.9525551199913025,0.0035919540229885057,0.515193636855626,0,0
75,0,1,1,0.9717541251576568,0.9628607630729675,0.0035919540229885057,0.8351758907175554,0,0
76,0,1,1,0.9717541251576568,1.010860800743103,0.0035919540229885057,2.3255399677030306,0,0
77,0,1,1,0.9717541251576568,1.0097869634628296,0.0035919540229885057,2.2921981499726867,0,0
78,0,1,1,0.9717541251576568,0.9563897252082825,0.0035919540229885057,0.6342551656002956,0,0
79,0,1,1,0.9717541251576568,0.9773497581481934,0.0035919540229885057,1.285047991238244,0,0
80,0,1,1,0.9717541251576568,1.011426568031311,0.0035919540229885057,2.343106604797637,0,0
81,0,1,1,0.9717541251576568,0.956681489944458,0.0035919540229885057,0.6433142351934369,0,0
82,0,1,1,0.9717541251576568,0.9959180951118469,0.0035919540229885057,1.8615805050285132,0,0
83,0,1,1,0.9717541251576568,1.04175865650177,0.0035919540229885057,3.2848945122776225,0,0
84,0,1,1,0.9717541251576568,0.9760336875915527,0.0035919540229885057,1.2441850174657085,0,0
85,0,1,1,0.9717541251576568,0.9705743193626404,0.0035919540229885057,1.0746758527579254,0,0
86,0,1,1,0.9717541251576568,1.0139200687408447,0.0035919540229885057,2.420527874942576,0,0
87,0,1,1,0.9717541251576568,1.0137064456939697,0.0035919540229885057,2.413895044417179,0,0
88,0,1,1,0.9717541251576568,0.9800371527671814,0.0035919540229885057,1.3684895174376241,0,0
89,0,1,1,0.9717541251576568,0.9618752598762512,0.0035919540229885057,0.8045767780203134,0,0
90,0,1,1,0.9717541251576568,0.9754331707954407,0.0035919540229885057,1.2255394350038291,0,0
91,0,1,1,0.9717541251576568,1.026355266571045,0.0035919540229885057,2.8066311581045573,0,0
92,0,1,1,0.9717541251576568,0.9692798852920532,0.0035919540229885057,1.0344846751574654,0,0
93,0,1,1,0.9717541251576568,0.9801126718521118,0.0035919540229885057,1.370834326666329,0,0
94,0,1,1,0.9717541251576568,1.027380108833313,0.0035919540229885057,2.8384517183873914,0,0
95,0,1,1,0.9717541251576568,0.9880118370056152,0.0035919540229885057,1.6160973004969017,0,0
96,0,1,1,0.9717541251576568,0.957650363445282,0.0035919540229885057,0.6733970086840423,0,0
97,0,1,1,0.9717541251576568,1.025037169456482,0.0035919540229885057,2.7657052612745825,0,0
98,0,1,1,0.9717541251576568,0.9724833965301514,0.0035919540229885057,1.133951223544182,0,0
99,0,1,1,0.9717541251576568,0.9802858829498291,0.0035919540229885057,1.3762123973992542,0,0
100,0,1,1,0.9717541251576568,0.9846771359443665,0.0035919540229885057,1.5125574094800518,0,0
101,0,1,1,0.9717541251576568,0.9376224875450134,0.0035919540229885057,0.05154693879014643,0,0
102,0,1,1,0.9717541251576568,0.9422116875648499,0.0035919540229885057,0.19403805304026434,0,0
103,0,1,1,0.9717541251576568,0.9566784501075745,0.0035919540229885057,0.6432198506072775,0,0
104,0,1,1,0.9717541251576568,0.9501352310180664,0.0035919540229885057,0.44005795423827226,0,0
105,0,1,1,0.9717541251576568,0.9611303210258484,0.0035919540229885057,0.781447002376783,0,0
106,0,1,1,0.9717541251576568,0.9625057578086853,0.0035919540229885057,0.8241532515966666,0,0
107,0,1,1,0.9717541251576568,0.9662415981292725,0.0035919540229885057,0.940148206630236,0,0
108,0,1,1,0.9717541251576568,0.9512595534324646,0.0035919540229885057,0.47496729637012636,0,0
109,0,1,1,0.9717514038442894,0.9768123626708984,0.003594675336355932,1.268362276947792,0,0
110,0,1,1,0.9717541251576568,0.9362761974334717,0.003591273694646649,0.009745671190496933,0,0
111,0,1,1,0.9717541251576568,0.9848163723945618,0.003591273694646649,1.5168805936617837,0,0
112,0,1,1,0.9717541251576568,1.01851487159729,0.003591273694646649,2.563192952939733,0,0
113,0,1,1,0.9717541251576568,1.0123701095581055,0.003591273694646649,2.3724028400702477,0,0
114,0,1,1,0.9717541251576568,1.0108697414398193,0.0035919540229885057,2.325817569427029,0,0
115,0,1,1,0.9717541251576568,0.9821414351463318,0.0035919540229885057,1.4338258591978412,0,0
116,0,1,1,0.9717541251576568,0.9724009037017822,0.0035919540229885057,1.1313898849707584,0,0
117,0,1,1,0.9717541251576568,1.0288392305374146,0.0035919540229885057,2.8837563197438985,0,0
118,0,1,1,0.9717541251576568,1.0753904581069946,0.0035919540229885057,4.3291359626945445,0,0
119,0,1,1,0.9717541251576568,1.018993854522705,0.0035919540229885057,2.5780650026333967,0,0
120,0,1,1,0.9717541251576568,0.941501259803772,0.0035919540229885057,0.17197982005136708,0,0
121,0,1,1,0.9717541251576568,1.0021337270736694,0.0035919540229885057,2.0545710742302243,0,0
122,0,1,1,0.9717541251576568,1.0071697235107422,0.0035919540229885057,2.2109348719676123,0,0
123,0,1,1,0.9717541251576568,0.9771577715873718,0.0035919540229885057,1.2790869568849226,0,0
124,0,1,1,0.9717541251576568,0.9911760687828064,0.0035919540229885057,1.714344251976186,0,0
125,0,1,1,0.9717541251576568,0.9675832986831665,0.0035919540229885057,0.9818069720115664,0,0
126,0,1,1,0.9717541251576568,0.9615718126296997,0.0035919540229885057,0.7951549755078143,0,0
127,0,1,1,0.9717541251576568,0.9536228775978088,0.0035919540229885057,0.5483466854136515,0,0
128,0,1,1,0.9717541251576568,0.954099178314209,0.0035919540229885057,0.5631354545901158,0,0
129,0,1,1,0.9717541251576568,0.9502213001251221,0.0035919540229885057,0.442730333501295,0,0
130,0,1,1,0.9717541251576568,0.9576303362846375,0.0035919540229885057,0.6727751808222863,0,0
131,0,1,1,0.9717541251576568,0.9633641839027405,0.0035919540229885057,0.8508067184568142,0,0
132,0,1,1,0.9717541251576568,0.9454623460769653,0.0035919540229885057,0.2949684878515312,0,0
133,0,1,1,0.9717541251576568,0.9725902080535889,0.0035919540229885057,1.1372676388068803,0,0
134,0,1,1,0.9717541251576568,0.9866726398468018,0.0035919540229885057,1.5745162635982908,0,0
135,0,1,1,0.9717541251576568,0.952379047870636,0.0035919540229885057,0.5097267335710214,0,0
136,0,1,1,0.9717541251576568,0.9731146693229675,0.0035919540229885057,1.153551755936615,0,0
137,0,1,1,0.9717541251576568,0.9593191146850586,0.0035919540229885057,0.7252104451292269,0,0
138,0,1,1,0.9717541251576568,0.9976827502250671,0.0035919540229885057,1.9163716826331185,0,0
139,0,1,1,0.9717541251576568,0.9666260480880737,0.0035919540229885057,0.9520850807621588,0,0
140,0,1,1,0.9717541251576568,0.974075436592102,0.0035919540229885057,1.183382837197462,0,0
141,0,1,1,0.9717541251576568,0.9878937005996704,0.0035919540229885057,1.6124292563838054,0,0
142,0,1,1,0.9717541251576568,1.0206189155578613,0.0035919540229885057,2.62852189198731,0,0
143,0,1,1,0.9717541251576568,0.9756309390068054,0.0035919540229885057,1.2316799851386695,0,0
144,0,1,1,0.9717541251576568,0.95689457654953,0.0035919540229885057,0.6499304096153942,0,0
145,0,1,1,0.9717541251576568,0.9722674489021301,0.0035919540229885057,1.1272462165705452,0,0
146,0,1,1,0.9717541251576568,1.0263898372650146,0.0035919540229885057,2.8077045514373506,0,0
147,0,1,1,0.9717541251576568,0.9583098292350769,0.0035919540229885057,0.6938729118461497,0,0
148,0,1,1,0.9717541251576568,0.9638858437538147,0.0035919540229885057,0.8670038537130293,0,0
149,0,1,1,0.9717541251576568,1.0032007694244385,0.0035919540229885057,2.0877019146503297,0,0
150,0,1,1,0.9717541251576568,0.9586313366889954,0.0035919540229885057,0.7038554698411251,0,0
151,0,1,1,0.9717541251576568,0.9907724261283875,0.0035919540229885057,1.701811459476747,0,0
152,0,1,1,0.9717541251576568,0.9692580103874207,0.0035919540229885057,1.03380547627275,0,0
153,0,1,1,0.9717541251576568,0.9931985139846802,0.0035919540229885057,1.7771396126227397,0,0
154,0,1,1,0.9717541251576568,0.9852758646011353,0.0035919540229885057,1.5311474715971316,0,0
155,0,1,1,0.9717541251576568,0.962739109992981,0.0035919540229885057,0.8313986565930198,0,0
156,0,1,1,0.9717541251576568,0.9837580919265747,0.0035919540229885057,1.4840218029311965,0,0
157,0,1,1,0.9717541251576568,0.9931222796440125,0.0035919540229885057,1.7747725952561149,0,0
158,0,1,1,0.9717541251576568,0.9682734608650208,0.0035919540229885057,1.0032359744260677,0,0
159,0,1,1,0.9717541251576568,0.9708582162857056,0.0035919540229885057,1.0834906328339484,0,0
160,0,1,1,0.9717541251576568,0.9841536283493042,0.0035919540229885057,1.496302903200877,0,0
161,0,1,1,0.9717541251576568,0.9780165553092957,0.0035919540229885057,1.3057515278140301,0,0
162,0,1,1,0.9717541251576568,0.9760960340499878,0.0035919540229885057,1.246120826821056,0,0
163,0,1,1,0.9717541251576568,0.9445908665657043,0.0035919540229885057,0.2679097224743463,0,0
164,0,1,1,0.9717541251576568,0.9690349102020264,0.0035919540229885057,1.0268783879199148,0,0
165,0,1,1,0.9717541251576568,0.9626386165618896,0.0035919540229885057,0.82827841321528,0,0
166,0,1,1,0.9717541251576568,0.9732005000114441,0.0035919540229885057,1.1562167324869979,0,0
167,0,1,1,0.9717541251576568,0.9793879985809326,0.0035919540229885057,1.3483337815971945,0,0
168,0,1,1,0.9717541251576568,1.042811393737793,0.0035919540229885057,3.317581189939331,0,0
169,0,1,1,0.9717541251576568,1.0200496912002563,0.0035919540229885057,2.6108479155594244,0,0
170,0,1,1,0.9717541251576568,0.9948278069496155,0.0035919540229885057,1.8277279001260123,0,0
171,0,1,1,0.9717541251576568,0.9703100919723511,0.0035919540229885057,1.0664717964746986,0,0
172,0,1,1,0.9717541251576568,0.9564304947853088,0.0035919540229885057,0.6355210294617274,0,0
173,0,1,1,0.9717541251576568,1.0598781108856201,0.0035919540229885057,3.8474895688450217,0,0
174,0,1,1,0.9717541251576568,0.9793932437896729,0.0035919540229885057,1.3484966412752735,0,0
175,0,1,1,0.9717541251576568,0.9973208904266357,0.0035919540229885057,1.9051362155238314,0,0
176,0,1,1,0.9717541251576568,0.9507238268852234,0.0035919540229885057,0.458333401068154,0,0
177,0,1,1,0.9717541251576568,0.9610410332679749,0.0035919540229885057,0.778674686493121,0,0
178,0,1,1,0.9717541251576568,0.9727749824523926,0.0035919540229885057,1.1430047411028432,0,0
179,0,1,1,0.9717541251576568,0.9891790151596069,0.0035919540229885057,1.6523372802257872,0,0
180,0,1,1,0.9717541251576568,0.9418129324913025,0.0035919540229885057,0.18165701614994445,0,0
181,0,1,1,0.9717541251576568,0.9634647369384766,0.0035919540229885057,0.853928812512714,0,0
182,0,1,1,0.9717541251576568,0.9695187211036682,0.0035919540229885057,1.0419003425445377,0,0
183,0,1,1,0.9717541251576568,0.9845793843269348,0.0035919540229885057,1.5095222972976714,0,0
184,0,1,1,0.9717541251576568,0.9824814796447754,0.0035919540229885057,1.444383978100573,0,0
185,0,1,1,0.9717541251576568,0.9528257250785828,0.0035919540229885057,0.5235957157019716,0,0
186,0,1,1,0.9717541251576568,0.9586470723152161,0.0035919540229885057,0.704344048875362,0,0
187,0,1,1,0.9717541251576568,0.9732599258422852,0.0035919540229885057,1.1580618586125058,0,0
188,0,1,1,0.9717541251576568,0.9860891103744507,0.0035919540229885057,1.5563981244120082,0,0
189,0,1,1,0.9717541251576568,1.0636869668960571,0.0035919540229885057,3.9657516046245767,0,0
190,0,1,1,0.9717541251576568,1.0017249584197998,0.0035919540229885057,2.0418791234090263,0,0
191,0,1,1,0.9717541251576568,0.9914101958274841,0.0035919540229885057,1.7216137157886189,0,0
192,0,1,1,0.9717541251576568,0.9519373178482056,0.0035919540229885057,0.49601135772735017,0,0
193,0,1,1,0.9725553295132362,0.9749437570571899,0.0027907496674091066,1.2103435166321674,0,0
194,0,1,1,0.47268476744389054,1.0694825649261475,0.5028616128256497,4.145700444832852,0,2
195,0,1,1,0.47379801511744174,1.141197681427002,0.3769810257236568,6.3723993933672425,0,3
196,0,1,1,0.47599284700966354,1.1011242866516113,0.25089344963658555,5.128151452844095,0,0
197,0,1,1,0.4740371908096558,1.0983164310455322,0.12831250298439076,5.040969706083378,0,0
198,0,1,1,0.47497696658182104,1.09835684299469,0.002743192536330372,5.04222446587585,0,0
199,0,1,1,0.4753032576825748,1.120861291885376,0.0029899512200592367,5.740970213317248,0,0
200,0,1,1,0.4761656731065467,1.1036982536315918,0.002503846437370558,5.208071138505017,0,0
201,0,1,1,0.4756092024432382,1.0814213752746582,0.003103523624899904,4.516391280278453,0,0
202,0,1,1,0.4764697271758946,1.078221321105957,0.002636001800639107,4.417032071225016,0,0
203,0,1,1,0.47640981319977077,1.1180943250656128,0.00306910592528131,5.655058031774285,0,0
204,0,1,1,0.47650797397932704,1.0834996700286865,0.0032475840250240336,4.580920726360915,0,0
205,0,1,1,0.4743584816710635,1.1034855842590332,0.0054826515514826675,5.20146791883018,0,0
206,0,1,1,0.47650797397932704,1.106286883354187,0.003376834399709514,5.288446090993297,0,0
207,0,1,1,0.4762739368060301,1.1070799827575684,0.0032640779243305025,5.313071214590098,0,0
208,0,1,1,0.4763235799692705,1.0845272541046143,0.0031804656626549218,4.612826417839109,0,0
209,0,1,1,0.47577466383290556,1.1215888261795044,0.003683283296505702,5.763559590938062,0,0
210,0,1,1,0.4762739368060301,1.1014591455459595,0.003538055863841702,5.138548562746907,0,0
211,0,1,1,0.4767940448574699,1.1102508306503296,0.0029594385190776203,5.411523591345141,0,0
212,0,1,1,0.47688601990052387,1.066519856452942,0.0029974904888836447,4.053710636212487,0,0
213,0,1,1,0.4769713003790059,1.1029510498046875,0.0030528199932149088,5.1848710370914075,0,0
214,0,1,1,0.47702608550197134,1.0689808130264282,0.003297194006774637,4.130121436082073,0,0
215,0,1,1,0.4770529836968983,1.09586763381958,0.0034583329858329766,4.964936444558431,0,0
216,0,1,1,0.4768764329868682,1.0402476787567139,0.003699618405720151,3.237979820921926,0,0
217,0,1,1,0.4770947873099521,1.055096983909607,0.0034788673542223677,3.6990392709197426,0,0
218,0,1,1,0.4772620502796455,1.01522696018219,0.0033424761172654834,2.4611058442784737,0,0
219,0,1,1,0.47729897243919345,1.026901125907898,0.0033645451521360755,2.823579668693728,0,0
220,0,1,1,0.4772681496017029,1.0173990726470947,0.0034568651752004383,2.528548257784757,0,0
221,0,1,1,0.47715010059927115,1.0067187547683716,0.003672843331340836,2.196932641009143,0,0
222,0,1,1,0.4772198445185695,0.9926619529724121,0.003616927734372233,1.7604798078265274,0,0
223,0,1,1,0.47718005926991075,1.000831961631775,0.0036461615427620083,2.014152263216086,0,0
224,0,1,1,0.47715647448214743,0.9997023940086365,0.003640018038204654,1.9790800614061528,0,0
225,0,1,1,0.4765887702350278,1.0011541843414307,0.004179803505435395,2.0241570293489812,0,0
226,0,1,1,0.4771107053700334,1.0156872272491455,0.003517535779368958,2.475396781029901,0,0
227,0,1,1,0.47661951212429526,1.0681524276733398,0.003981444237973098,4.104400711014559,0,0
228,0,1,1,0.4770177487692782,1.0543580055236816,0.003443070806586274,3.676094563092211,0,0
229,0,1,1,0.47666802211380355,1.0346550941467285,0.0037581160338436394,3.06433439052657,0,0
230,0,1,1,0.4768764329868682,0.9581781625747681,0.0035695181304729153,0.6897847637907362,0,0
231,0,1,1,0.4770177487692782,0.9897773265838623,0.003369634252271628,1.670914387595747,0,0
232,0,1,1,0.47720070921289415,0.9912593364715576,0.0032862329699014344,1.7169296493656891,0,0
233,0,1,1,0.4769211755409679,0.9734375476837158,0.003611506752731625,1.1635768795292702,0,0
234,0,1,1,0.47729897243919345,0.9750310778617859,0.003296998211297195,1.21305476013655,0,0
235,0,1,1,0.47711221263640646,0.9788464307785034,0.0035893928771654595,1.3315185198355433,0,0
236,0,1,1,0.4772326703500626,0.957268238067627,0.003492551130291369,0.661532311000359,0,0
237,0,1,1,0.4772187499068439,0.9643452167510986,0.00351446185780224,0.8812670302920571,0,0
238,0,1,1,0.47704842437866546,0.9496575593948364,0.0037591809774496472,0.4252266194641282,0,0
239,0,1,1,0.4771852719986367,0.9728582501411438,0.0035596963423464136,1.1455901384923466,0,0
240,0,1,1,0.4772198445185695,0.953231155872345,0.0035433886629711005,0.5361840285462102,0,0
241,0,1,1,0.47723239723202787,0.9296643733978271,0.003527629491639564,-0.19554635574065457,0,0
242,0,1,1,0.47729897243919345,0.9377962350845337,0.0034644661157699737,0.05694166562651151,0,0
243,0,1,1,0.4771107053700334,0.9578729867935181,0.003715370200061974,0.6803092916115975,0,0
244,0,1,1,0.47732032044380257,0.9440645575523376,0.0034871134691419866,0.25156823432165204,0,0
245,0,1,1,0.47702608550197134,0.9485815167427063,0.0038064673922814903,0.39181632664186444,0,0
246,0,1,1,0.47724794708586654,0.9368197321891785,0.003533027875872158,0.026622005331427723,0,0
247,0,1,1,0.4772187499068439,0.9431549310684204,0.003549468716563098,0.2233250349220748,0,0
248,0,1,1,0.4772613305113275,0.9465914964675903,0.0035338992462820686,0.3300277349143443,0,0
249,0,1,1,0.4767042312219562,0.971747100353241,0.004076251052534616,1.1110897962338497,0,0
250,0,1,1,0.47729897243919345,0.9385024905204773,0.0034010462652936087,0.07887035114420961,0,0
251,0,1,1,0.47724794708586654,0.9787567257881165,0.003464827956952213,1.3287332492047614,0,0
252,0,1,1,0.4773177843159573,0.9618545770645142,0.00340229002161718,0.8039345926987975,0,0
253,0,1,1,0.47704842437866546,0.9825765490531921,0.0036857634100664312,1.4473358097657538,0,0
254,0,1,1,0.47736202847131054,0.933414101600647,0.0034582076065986763,-0.07912019269580799,0,0
255,0,1,1,0.4773181803081205,0.9525719881057739,0.003517819777817924,0.5157173787749026,0,0
256,0,1,1,0.47738486661721496,0.9534900188446045,0.0034686917742870168,0.5442215237950382,0,0
257,0,1,1,0.47745437549053504,0.9809470176696777,0.0034159534762813444,1.3967401195498412,0,0
258,0,1,1,0.477476843057173,0.9698563814163208,0.0034949736876107836,1.0523844343208697,0,0
259,0,1,1,0.47742869519006276,0.9535239338874817,0.003571825201186621,0.5452745596680714,0,0
260,0,1,1,0.47751792147259653,0.9710479974746704,0.003510227639138411,1.0893831920953503,0,0
261,0,1,1,0.47752509962432077,0.9838312268257141,0.003536313201259575,1.4862925850335018,0,0
262,0,1,1,0.47738486661721496,0.9743649959564209,0.0036942272418117985,1.1923734316986838,0,0
263,0,1,1,0.47757924782744643,0.9550984501838684,0.003476851921590832,0.594162073942315,0,0
264,0,1,1,0.47742173484767425,0.9789974689483643,0.0036720030607089423,1.336208138292953,0,0
265,0,1,1,0.47745437549053504,0.9646456837654114,0.00361531576161758,0.8905962988965567,0,0
266,0,1,1,0.47741800598060874,0.9597476124763489,0.003634004238097438,0.7385149704213808,0,0
267,0,1,1,0.4774673507263638,0.9373652935028076,0.0035929443331908202,0.043561262529798105,0,0
268,0,1,1,0.47737769990970996,0.9848891496658325,0.003654620874574005,1.5191402716951292,0,0
269,0,1,1,0.47802854218356616,0.9765837788581848,0.002992769866226733,1.261264926204238,0,0
270,0,1,1,0.4774491539676812,0.9757708311080933,0.0037156997553695033,1.2360235267801614,0,0
271,0,1,1,0.47791172568399165,0.9758320450782776,0.0032609150358271473,1.237924173250469,0,0
272,0,1,1,0.4776830889067703,0.968665361404419,0.0036006455524554256,1.015404183327989,0,0
273,0,1,1,0.4791035050323999,0.9817524552345276,0.0022565766760909408,1.4217483335257595,0,0
274,0,1,1,0.47795363471285224,0.9723687767982483,0.0036751877078470387,1.1303923694425249,0,0
275,0,1,1,0.48305443791110897,0.9586753845214844,0.0016017024089490855,0.7052231210013563,0,0
276,0,1,1,0.4778185525006476,0.912509560585022,0.005222068163123772,-0.7281900369668076,0,0
277,0,1,1,0.478555690765934,0.9546310305595398,0.004518795796306677,0.5796490558116889,0,0
278,0,1,1,0.4781604206904967,0.9221676588058472,0.004777112305127532,-0.42831355063498827,0,0
279,0,1,1,0.4779962635637833,0.9387086033821106,0.004992965926252047,0.0852699962214482,0,0
280,0,1,1,0.4778196649773923,0.9410375356674194,0.0039050209258115866,0.15758154396666024,0,0
281,0,1,1,0.4782076560831821,0.9278404116630554,0.003517307939207956,-0.25217895811444807,0,0
282,0,1,1,0.4779295838106323,0.9279027581214905,0.003708371541069827,-0.2502431487591006,0,0
283,0,1,1,0.4790215488634146,0.9623863101005554,0.0025586972683214167,0.8204444925640507,0,0
284,0,1,1,0.47817916020075135,0.9655115604400635,0.0036574072558924727,0.9174811005267027,0,0
285,0,1,1,0.4789773490386272,0.9640071392059326,0.0029490922238563757,0.870769983768605,0,0
286,0,1,1,0.4779295838106323,1.0067249536514282,0.004189280690712585,2.197125111537782,0,0
287,0,1,1,0.481687112038071,0.9431403279304504,0.001592125772395512,0.22287161877287773,0,0
288,0,1,1,0.4778185525006476,0.9575007557868958,0.004966702794361383,0.6687518065024723,0,0
289,0,1,1,0.4808660438327879,0.9527243375778198,0.0026344143986675624,0.520447712151832,0,0
290,0,1,1,0.4782076560831821,0.954940915107727,0.004959620985341096,0.5892707315654666,0,0
291,0,1,1,0.4803962386698835,0.9577690362930298,0.003216456955530151,0.6770817089005784,0,0
292,0,1,1,0.47786113390677465,0.9413858652114868,0.005052942887839124,0.16839690713363026,0,0
293,0,1,1,0.48180298903006413,0.9627441763877869,0.0023742698731284186,0.8315559642366188,0,0
294,0,1,1,0.4797263176076315,0.940631628036499,0.0034326408378331065,0.1449784256971418,0,0
295,0,1,1,0.4791995868659844,1.0057955980300903,0.004339036960592552,2.1682693376672484,0,0
296,0,1,1,0.48114070551495425,0.9603543281555176,0.002350923880535153,0.7573530234118989,0,0
297,0,1,1,0.4803246907042625,0.955427885055542,0.0037346630733846005,0.6043907721325689,0,0
298,0,1,1,0.4787437014965069,0.9707975387573242,0.004946077699689755,1.0816066424670807,0,0
299,0,1,1,0.4852450372318211,0.9682794809341431,0.0019039186187652778,1.0034228929202265,0,0
300,0,1,1,0.4788296174968199,0.9698970317840576,0.006125870263054775,1.0536465968259816,0,0
301,0,1,1,0.4803246907042625,0.9514219164848328,0.0040821708502022,0.4800085436779337,0,0
302,0,1,1,0.47891188181289057,0.9380155205726624,0.005465833942450521,0.06375031057710745,0,0
303,0,1,1,0.47977347004886767,0.9366913437843323,0.004646290785569368,0.02263564457481352,0,0
304,0,1,1,0.47921371838113275,0.9473963975906372,0.003838150657565928,0.3550192927868226,0,0
305,0,1,1,0.47918145484400565,0.9567946791648865,0.0039664394157712226,0.6468286730192542,0,0
306,0,1,1,0.478123840032685,0.958439290523529,0.004738245262027677,0.6978925848096438,0,0
307,0,1,1,0.4824079410890003,0.947088360786438,0.0018572549975228048,0.34545498805600444,0,0
308,0,1,1,0.4783476716788583,0.9770476222038269,0.004976020930836139,1.2756669036452648,0,0
309,0,1,1,0.4795113331172977,0.9883661270141602,0.003595847816828102,1.6270977314798707,0,0
310,0,1,1,0.47906306264667253,0.9662593007087708,0.004126587855776309,0.9406978580437525,0,0
311,0,1,1,0.48301995473040493,1.032017707824707,0.002163054972147727,2.9824455833034196,0,0
312,0,1,1,0.48017293516982923,0.9915929436683655,0.00340452439646764,1.7272878950271422,0,0
313,0,1,1,0.4841122987334127,0.9510530233383179,0.0015422133123979493,0.46855469654576787,0,0
314,0,1,1,0.47924681559541715,0.9355276226997375,0.0059372012476512056,-0.013496995820792657,0,0
315,0,1,1,0.48688353772941273,0.9497904777526855,0.0026465164792405455,0.4293536317609015,0,0
316,0,1,1,0.47817916020075135,0.993768572807312,0.00801669062925511,1.794839498544865,0,0
317,0,1,1,0.48024182051423847,0.9468611478805542,0.005768525925644381,0.3384002029101301,0,0
318,0,1,1,0.478555690765934,0.957502543926239,0.0061740967670094295,0.668807326847272,0,0
319,0,1,1,0.48048135393540525,0.9456939101219177,0.004320093170305326,0.30215837250308464,0,0
320,0,1,1,0.47894115173473695,0.9620394706726074,0.004015308642333818,0.8096753963510803,0,0
321,0,1,1,0.4803508355773628,0.9798796772956848,0.0027961226832043636,1.3636000257389358,0,0
322,0,1,1,0.4808660438327879,1.0273832082748413,0.0023081681935603034,2.838547953651711,0,0
323,0,1,1,0.48881893575384927,1.0008450746536255,0.00506713546078755,2.014559412411283,0,0
324,0,1,1,0.48156515230928937,0.9750528335571289,0.004271043438383399,1.2137302576649456,0,0
325,0,1,1,0.4822845937581617,0.953977644443512,0.0042076021331491605,0.5593619218219003,0,0
326,0,1,1,0.4797263176076315,0.9740707278251648,0.007249317828879051,1.1832366336228228,0,0
327,0,1,1,0.4791068017352673,0.9924558401107788,0.007583902144954147,1.7540801627492888,0,0
328,0,1,1,0.4788652206833746,0.9650087356567383,0.005397449692201362,0.9018687795690438,0,0
329,0,1,1,0.4841544451059069,0.9522202014923096,0.002505395181327786,0.5047946762746534,0,0
330,0,1,1,0.4811789313864922,0.9546751976013184,0.0028762189195413847,0.5810204083282401,0,0
331,0,1,1,0.48292977846710344,0.9657011032104492,0.00164555801935325,0.9233662570754646,0,0
332,0,1,1,0.48381243477942476,0.9228475093841553,0.0015616131542830316,-0.40720471554216486,0,0
333,0,1,1,0.48975273161863064,0.9613840579986572,0.0032163001229392535,0.7893253393038521,0,0
334,0,1,1,0.48541212477988804,0.9687333703041077,0.002598298306013211,1.0175158071085353,0,0
335,0,1,1,0.48864622237726313,0.9747596979141235,0.001582878436203008,1.2046286224741245,0,0
336,0,1,1,0.48751521623873484,0.9309808611869812,0.002982616173055325,-0.15467042722099908,0,0
337,0,1,1,0.48864622237726313,0.9268976449966431,0.0027773053993545406,-0.28145113457097864,0,0
338,0,1,1,0.48881893575384927,0.9242615699768066,0.0023279647124265475,-0.36329922687460897,0,0
339,0,1,1,0.4892562477756695,0.9341701865196228,0.002742355434096619,-0.05564434023635991,0,0
340,0,1,1,0.49256140425158373,0.9208654165267944,0.0009583453808151999,-0.4687471670744066,0,0
341,0,1,1,0.49435433392616496,0.923414945602417,0.0009611848075249179,-0.3895862594590789,0,0
342,0,1,1,0.4840476983228221,0.9368911981582642,0.0107919861269833,0.028840968445253364,0,0
343,0,1,1,0.49424798262536435,0.9251675009727478,0.0037806438133576627,-0.33517076952095104,0,0
344,0,1,1,0.4825766286919004,0.9223659634590149,0.012318180112571906,-0.4221563443967081,0,0
345,0,1,1,0.48864622237726313,0.9683314561843872,0.006212888188799414,1.0050366842757361,0,0
346,0,1,1,0.48630747196190205,0.9673017859458923,0.005092755091229371,0.973066219061943,0,0
347,0,1,1,0.49069280513213703,0.9606395363807678,0.004220916891803977,0.7662085184074416,0,0
348,0,1,1,0.48578916437875364,1.0022708177566528,0.004858571685035504,2.0588276339981966,0,0
349,0,1,1,0.49333188575442555,0.9640675187110901,0.0025289885967838483,0.8726447207446729,0,0
350,0,1,1,0.4911922515219754,0.9390403628349304,0.002694796270233192,0.09557087085994154,0,0
351,0,1,1,0.49493769777606067,0.9298564195632935,0.0024792095510561213,-0.18958347070917314,0,0
352,0,1,1,0.48587301544698097,0.9167410135269165,0.009031688433811356,-0.5968066930329379,0,0
353,0,1,1,0.48983145208763684,0.9641888737678528,0.006355042075942539,0.8764127014784084,0,0
354,0,1,1,0.4822845937581617,0.936678409576416,0.011765964472990288,0.02223404741409612,0,0
355,0,1,1,0.4811789313864922,0.975446343421936,0.010644712403706343,1.2259484348771865,0,0
356,0,1,1,0.48185921198478154,0.9364295601844788,0.006524740208024901,0.014507466096146117,0,0
357,0,1,1,0.48080636440167746,0.9609897136688232,0.006574136925579119,0.7770812525973713,0,0
358,0,1,1,0.4808660438327879,0.9745438694953918,0.004258185572978798,1.1979273168568079,0,0
359,0,1,1,0.48587301544698097,0.9867672324180603,0.0017782153933974688,1.5774532898381919,0,0
360,0,1,1,0.488450760593742,0.9549935460090637,0.002507647654196507,0.5909048803807361,0,0
361,0,1,1,0.4879994013750161,1.0288746356964111,0.0017260603423689663,2.884855622570931,0,0
362,0,1,1,0.4850140109070294,0.9629848003387451,0.00437524842809085,0.8390271519684904,0,0
363,0,1,1,0.4845032158454901,0.9635294079780579,0.005923035258190501,0.855936798316301,0,0
364,0,1,1,0.4840476983228221,0.9760684370994568,0.006036102880485822,1.2452639628329816,0,0
365,0,1,1,0.49098165548615974,0.9389262199401855,0.00338105601340078,0.09202682218356446,0,0
366,0,1,1,0.47944866668388425,0.9571321606636047,0.010279932479479585,0.6573072127611064,0,0
367,0,1,1,0.49090302331909863,0.9925912618637085,0.004041857904247025,1.7582849035287815,0,0
368,0,1,1,0.48091355617524395,0.9536147713661194,0.009023658800735728,0.5480949931838931,0,0
369,0,1,1,0.4925128976072542,0.9558998346328735,0.00609900479113023,0.6190444418033539,0,0
370,0,1,1,0.48541212477988804,0.9741072654724121,0.005045033712208455,1.1843710993348955,0,0
371,0,1,1,0.4917954025924569,0.9542049765586853,0.0049909507974028955,0.5664204083240946,0,0
372,0,1,1,0.48439928095407603,0.9731963276863098,0.006851168357623266,1.1560871850157985,0,0
373,0,1,1,0.4927394416512812,0.930496335029602,0.004342614421034474,-0.16971458998354172,0,0
374,0,1,1,0.488450760593742,0.9666029214859009,0.004316714134309669,0.9513670176360834,0,0
375,0,1,1,0.48827355320982013,0.9643762707710266,0.0046646222610574025,0.8822312336134108,0,0
376,0,1,1,0.4858444450997719,0.9341816902160645,0.006213268025446428,-0.05528715935148222,0,0
377,0,1,1,0.48048135393540525,0.9605025053024292,0.011937650226237063,0.7619538093176291,0,0
378,0,1,1,0.4813959440953902,0.9823818802833557,0.007958538137283113,1.441291494895233,0,0
379,0,1,1,0.4856322886213629,0.9534387588500977,0.00449695667889455,0.5426299405774485,0,0
380,0,1,1,0.4852450372318211,0.9588291049003601,0.0023998589225848327,0.7099960199759654,0,0
381,0,1,1,0.48578916437875364,0.9841212630271912,0.0010328833431183394,1.4952979849600034,0,0
382,0,1,1,0.4815219085196153,0.9920178055763245,0.00658565408520517,1.740479528951537,0,0
383,0,1,1,0.479499439360109,1.015166163444519,0.008639614350767707,2.4592181525552856,0,0
384,0,1,1,0.4791035050323999,0.9988442063331604,0.00750233636316337,1.9524339972586453,0,0
385,0,1,1,0.4808660438327879,0.9882787466049194,0.00436729310851636,1.624384637297328,0,0
386,0,1,1,0.47786113390677465,0.9899415373802185,0.005978544302441891,1.6760130059265141,0,0
387,0,1,1,0.4820338296630888,0.951684296131134,0.002258611966476979,0.488155228938201,0,0
388,0,1,1,0.4781585246160815,0.962672233581543,0.005399557515669809,0.8293221956975132,0,0
389,0,1,1,0.4798621169909275,1.0030680894851685,0.003593125419569524,2.0835823050661966,0,0
390,0,1,1,0.47834991489866174,0.9352297186851501,0.004720940418544856,-0.0227466852644128,0,0
391,0,1,1,0.4785378027669894,0.9612706899642944,0.004655247798189,0.7858053494435548,0,0
392,0,1,1,0.4783476716788583,0.9701424837112427,0.003971372162295245,1.0612676894888122,0,0
393,0,1,1,0.4794371848421556,0.9793368577957153,0.002929145764692162,1.3467458997359247,0,0
394,0,1,1,0.47846917042217735,0.9542734622955322,0.0037909271474773744,0.5685468375299207,0,0
395,0,1,1,0.4808660438327879,0.9926121830940247,0.0019039135184532908,1.7589344915629375,0,0
396,0,1,1,0.48048135393540525,1.006264090538025,0.0023906177815780473,2.1828156680047544,0,0
397,0,1,1,0.48080636440167746,1.0099700689315796,0.0025990278794425893,2.2978834332801696,0,0
398,0,1,1,0.4799289557452891,1.0219063758850098,0.0038187314257114,2.6684965402430514,0,0
399,0,1,1,0.4848984515036488,0.97172611951828,0.0016431773848307523,1.110438357521534,0,0
400,0,1,1,0.4825331395139564,0.9448293447494507,0.0025875959055372934,0.27531428579245837,0,0
401,0,1,1,0.48736430696544714,0.9609109163284302,0.0019344790296119034,0.7746346560698671,0,0
402,0,1,1,0.48374594506053564,0.9867033362388611,0.0035272223945382293,1.5754693628506846,0,0
403,0,1,1,0.4817352714354436,0.9816417098045349,0.0064921433484419035,1.4183097735045016,0,0
404,0,1,1,0.4858444450997719,0.9725017547607422,0.0029283706946287326,1.1345212324174583,0,0
405,0,1,1,0.4841122987334127,0.9635996222496033,0.004152147429875378,0.8581168971887668,0,0
406,0,1,1,0.48368551623076916,0.9390726089477539,0.003765927874510311,0.09657208774449505,0,0
407,0,1,1,0.48615325486873545,0.9400132298469543,0.001798560543487874,0.12577763978726605,0,0
408,0,1,1,0.4849663595037284,0.9524875283241272,0.003574473252432428,0.5130949678221997,0,0
409,0,1,1,0.4791533725259526,1.0203008651733398,0.00916793883119736,2.618646673325614,0,0
410,0,1,1,0.4819101723622907,0.9997429847717285,0.005831416556565553,1.9803403732331046,0,0
411,0,1,1,0.47984502241236743,1.0011037588119507,0.006792721425797854,2.0225913556256314,0,0
412,0,1,1,0.48156515230928937,0.9870052933692932,0.003637207558647205,1.584844898409184,0,0
413,0,1,1,0.480505972554307,0.9963740706443787,0.003704411371156552,1.8757381929524215,0,0
414,0,1,1,0.4811789313864922,0.9917649030685425,0.00336960254605993,1.7326271015187076,0,0
415,0,1,1,0.4791995868659844,1.0195753574371338,0.005166136822618098,2.59612021876224,0,0
416,0,1,1,0.47846917042217735,0.9774504899978638,0.0057351943798294005,1.288175637328624,0,0
417,0,1,1,0.47834991489866174,0.9953492879867554,0.005080454431567,1.8439194833477475,0,0
418,0,1,1,0.4799499982087105,0.9411563277244568,0.0030230075580335893,0.16126994553951637,0,0
419,0,1,1,0.4780969509398197,0.9856025576591492,0.0044871706820523135,1.5412910385920258,0,0
420,0,1,1,0.478555690765934,0.9726733565330505,0.003752771874396818,1.1398493348400638,0,0
421,0,1,1,0.47803194065231236,0.9735070466995239,0.004298152073957629,1.1657347702638161,0,0
422,0,1,1,0.4786011960001389,0.9501287341117859,0.0036494031645437604,0.4398562303188336,0,0
423,0,1,1,0.47861087676211306,0.9687855243682861,0.0033025218504266736,1.0191351504985249,0,0
424,0,1,1,0.478555690765934,0.9496675729751587,0.0034861893021790576,0.4255375333950062,0,0
425,0,1,1,0.47786113390677465,0.9882087707519531,0.004180746161338439,1.6222119411375022,0,0
426,0,1,1,0.47864347322696477,0.9408239126205444,0.00335570515476388,0.15094871344126318,0,0
427,0,1,1,0.4778185525006476,0.9738546013832092,0.004191195187787542,1.1765260746147064,0,0
428,0,1,1,0.4779696708851839,0.9654482007026672,0.0038419957378848625,0.9155138296426354,0,0
429,0,1,1,0.4778196649773923,0.9706353545188904,0.003845496675488916,1.0765709471937532,0,0
430,0,1,1,0.4776077880005836,0.9690254926681519,0.004047006419952021,1.0265859807706366,0,0
431,0,1,1,0.47786113390677465,0.9471690058708191,0.003534739207165666,0.3479589556064683,0,0
432,0,1,1,0.4782544119223102,0.9498373866081238,0.0031521065431618896,0.4308101154728121,0,0
433,0,1,1,0.47741800598060874,0.9684663414955139,0.004059697744144966,1.009224768951789,0,0
434,0,1,1,0.47748797844073276,0.9353544116020203,0.003889310534825036,-0.018875066553717856,0,0
435,0,1,1,0.4773706574353798,0.9678360223770142,0.003976679150215279,0.9896538474099157,0,0
436,0,1,1,0.477405637163816,0.9687914848327637,0.003819080303930367,1.0193202183145236,0,0
437,0,1,1,0.47724794708586654,1.0044151544570923,0.003764576692256297,2.125407631481926,0,0
438,0,1,1,0.47732960820711273,0.972896158695221,0.003640400847324557,1.146767169802099,0,0
439,0,1,1,0.4775354892293697,1.0602362155914307,0.0033949272666625703,3.8586084432302297,0,0
440,0,1,1,0.47748422826072817,1.061815857887268,0.0034873961838016,3.9076551158262323,0,0
441,0,1,1,0.4773416071862495,1.0599594116210938,0.0036496650325083093,3.8500138938552455,0,0
442,0,1,1,0.4773659838584242,1.051469326019287,0.003648703385429314,3.5864032967465516,0,0
443,0,1,1,0.4773167936908924,1.0749726295471191,0.003706987465788997,4.316162708793029,0,0
444,0,1,1,0.47737173094655067,1.073453426361084,0.003597376325511434,4.268992623851254,0,0
445,0,1,1,0.4775391074663514,1.09568190574646,0.0034018754771663025,4.959169731411908,0,0
446,0,1,1,0.47737769990970996,1.085347294807434,0.003612658103833222,4.638288047964224,0,0
447,0,1,1,0.47742869519006276,1.0980799198150635,0.0035645918363018505,5.033626215144546,0,0
448,0,1,1,0.47720070921289415,1.1144814491271973,0.0038205531882630596,5.54288102578477,0,0
449,0,1,1,0.47740972281286403,1.1318646669387817,0.003568784154879029,6.082616505719997,0,0
450,0,1,1,0.4774273015489473,1.1143743991851807,0.0035188592554239563,5.539557207809432,0,0
451,0,1,1,0.4776534765197804,1.084225058555603,0.0033050846944001596,4.60344347956797,0,0
452,0,1,1,0.47761440248493736,1.0783354043960571,0.003400354061672603,4.420574269223233,0,0
453,0,1,1,0.47767857969014405,1.0751591920852661,0.003439600174476751,4.3219553314337915,0,0
454,0,1,1,0.4777047984555546,1.0987628698349,0.0034805956283862046,5.054831285501689,0,0
455,0,1,1,0.47763316173160647,1.1152485609054565,0.0036216065789861198,5.566699253703816,0,0
456,0,1,1,0.4775058938472401,1.0597951412200928,0.003743795766308994,3.8449134248463186,0,0
457,0,1,1,0.4774531443851402,1.0699306726455688,0.0037694180689846176,4.159613843239642,0,0
458,0,1,1,0.47757924782744643,1.0706559419631958,0.003586955800427433,4.182132895090376,0,0
459,0,1,1,0.4780412072284351,1.109118938446045,0.0030936087424116828,5.376379213086968,0,0
460,0,1,1,0.4780412072284351,1.0725853443145752,0.003195620116618861,4.242039347129189,0,0
461,0,1,1,0.477847550762128,1.0685391426086426,0.0035231049282247436,4.116407910916561,0,0
462,0,1,1,0.47760906574425055,1.0361374616622925,0.003860191540349123,3.110360756365472,0,0
463,0,1,1,0.47769805516745895,1.110591173171997,0.0037786565963417703,5.422090963638672,0,0
464,0,1,1,0.47746079048201306,1.0921740531921387,0.0039301332665435925,4.850253620340292,0,0
465,0,1,1,0.4774491539676812,1.0939501523971558,0.0037966655942699686,4.905400128151616,0,0
466,0,1,1,0.4772681496017029,1.0684256553649902,0.003878070761636554,4.112884219699945,0,0
467,0,1,1,0.4772736725881567,1.0518627166748047,0.003787318739545795,3.598617772602472,0,0
468,0,1,1,0.4773181803081205,1.094874382019043,0.003636715374756458,4.93409674370039,0,0
469,0,1,1,0.4771852719986367,1.09531569480896,0.003733971140767134,4.947799164796941,0,0
470,0,1,1,0.4772045116178209,1.0750041007995605,0.0036487610293217928,4.317139866861503,0,0
471,0,1,1,0.47684710599699454,1.0860953330993652,0.003990257154177679,4.661514058872074,0,0
472,0,1,1,0.47687703581540986,1.0792243480682373,0.0038536856879718114,4.448175283301294,0,0
473,0,1,1,0.47637257631558033,1.1003000736236572,0.0042478590646236715,5.10256027524778,0,0
474,0,1,1,0.4763522224980569,1.1080403327941895,0.004065038961382991,5.342889341103825,0,0
475,0,1,1,0.47602811433170267,1.1417406797409058,0.004176074847796249,6.389259071404734,0,1
476,0,1,1,0.4757877446861595,1.114466905593872,0.0042116965770164745,5.542429460313733,0,0
477,0,1,1,0.47497696658182104,1.1505837440490723,0.004750151899042318,6.663829384576877,0,1
478,0,1,1,0.4756905911147821,1.1015427112579346,0.0036876249326414064,5.141143213527211,0,0
479,0,1,1,0.4740371908096558,1.1832375526428223,0.005175617391949047,7.677704907744715,0,1
480,0,1,1,0.4730596941820959,1.126425862312317,0.005655383138997186,5.91374582497741,0,0
481,0,1,1,0.47110477546568913,1.1487945318222046,0.006928289229388093,6.608275727570356,0,1
482,0,1,1,0.4706169596986805,1.1200498342514038,0.0064480572173637426,5.7157750808471715,0,0
483,0,1,1,0.46954007225367483,1.1356087923049927,0.006256536808344007,6.198868705017805,0,1
484,0,1,1,0.47241365789849304,1.1047502756118774,0.0029770735423419632,5.240735608028806,0,0
485,0,1,1,0.4681593445199399,1.0860167741775513,0.006351475832182982,4.659074865057209,0,0
486,0,1,1,0.4725413383802388,1.0718868970870972,0.002705730360998502,4.220353100450449,0,0
487,0,1,1,0.4736325394187859,1.1111012697219849,0.0019228337075168451,5.43792906733185,0,0
488,0,1,1,0.4756092024432382,1.0958086252212524,0.0016063193119034485,4.9631042731800425,0,0
489,0,1,1,0.4738532588466126,1.0870410203933716,0.002224301366926554,4.690876918558444,0,0
490,0,1,1,0.4760601835656626,1.0493935346603394,0.0018259267844720518,3.5219515791468083,0,0
491,0,1,1,0.47417339597657254,1.0559669733047485,0.004207354114990775,3.7260517693429276,0,0
492,0,1,1,0.47451051203972067,1.0550192594528198,0.004005452191289322,3.696625986599118,0,0
493,0,1,1,0.4761456194136754,1.0255656242370605,0.0021948350988348388,2.782113373841036,0,0
494,0,1,1,0.47680755326255286,1.02359139919281,0.002006828509343442,2.720815211825913,0,0
495,0,1,1,0.4769713003790059,1.0360928773880005,0.002029923817112947,3.108976449101801,0,0
496,0,1,1,0.47601344681569363,1.0356099605560303,0.003687253481033587,3.093982254649578,0,0
497,0,1,1,0.47555796268785805,1.0443669557571411,0.004518471302862409,3.3658801885586986,0,0
498,0,1,1,0.47159769767253806,1.037883996963501,0.008331822136728059,3.1645893278094412,0,0
499,0,1,1,0.4563634194022108,1.0666139125823975,0.022263636509551606,4.056631006348948,0,0
500,0,1,1,0.46118895179244696,1.0308440923690796,0.013980509265637073,2.9460057303332556,0,0
501,0,1,1,0.4566392424557674,1.0505131483078003,0.013129719455984538,3.5567147177040233,0,0
502,0,1,1,0.4659637433407715,1.0555518865585327,0.006615001871316243,3.713163646636771,0,0
503,0,1,1,0.4766266571013647,1.0589786767959595,0.012995863830576994,3.8195628354108027,0,0
504,0,1,1,0.4755096542607672,1.0639137029647827,0.008089943790087522,3.972791584345171,0,0
505,0,1,1,0.4714786130612579,1.049641728401184,0.005946549782202824,3.5296578030049988,0,0
506,0,1,1,0.9759482871547516,0.9720978736877441,0.4975439764221776,1.1219810372053793,0,2
507,0,1,1,0.9851410785971908,0.9857581257820129,0.372219683236955,1.5461213085895946,0,2
508,0,1,1,0.46846527753758754,1.0267058610916138,0.24791150700171602,2.817516847041607,0,0
509,0,1,1,0.43756235674907623,1.072983741760254,0.24471363121172582,4.254409279950549,0,0
510,0,1,1,0.988847808675585,0.9824132919311523,0.23509959289908097,1.4422668022855467,0,0
511,0,1,1,0.9717541251576568,0.9718946218490601,0.2518419592551916,1.1156702246798202,0,2
512,0,1,1,0.9878402141393543,0.979127824306488,0.23973378559986164,1.3402555714288469,0,0
513,0,1,1,0.9768176032278206,1.063489317893982,0.12437043440147248,3.959614755846056,0,0
514,0,1,1,0.9791425458442374,0.9907121658325195,0.007747464411963161,1.6999404238569993,0,0
515,0,1,1,0.9717541251576568,0.9574112892150879,0.010726450957598997,0.6659739385843303,0,0
516,0,1,1,0.9717541251576568,0.9834634065628052,0.010726450957598995,1.4748720501082158,0,0
517,0,1,1,0.9717541251576568,0.9972934722900391,0.006704928712174621,1.9042849035702367,0,0
518,0,1,1,0.9717541251576568,0.9911538362503052,0.005439059194633664,1.7136539490225104,0,0
519,0,1,1,0.9717541251576568,1.0005509853363037,0.0035919540229885057,2.0054281663699025,0,0
520,0,1,1,0.9717541251576568,0.9542446732521057,0.0035919540229885057,0.5676529599786465,0,0
521,0,1,1,0.9717541251576568,0.9837484359741211,0.0035919540229885057,1.4837219930692784,0,0
522,0,1,1,0.9717541251576568,0.9684905409812927,0.0035919540229885057,1.0099761442847441,0,0
523,0,1,1,0.9717541251576568,0.9307796359062195,0.0035919540229885057,-0.16091831668911866,0,0
524,0,1,1,0.9717541251576568,0.9475906491279602,0.0035919540229885057,0.36105065291022354,0,0
525,0,1,1,0.9717541251576568,0.9786664843559265,0.0035919540229885057,1.3259313224705396,0,0
526,0,1,1,0.9717541251576568,0.9361937642097473,0.0035919540229885057,0.007186183295233496,0,0
527,0,1,1,0.9729034376162349,0.9627744555473328,0.002442641564410428,0.8324961087418927,0,0
528,0,1,1,0.4762550221766411,1.0615235567092896,0.49937838511864874,3.898579390129651,0,2
529,0,1,1,0.4684505690521646,1.030591607093811,0.37131255486896464,2.9381662576475462,0,2
530,0,1,1,0.9952208638672092,0.9438107013702393,0.24857522550453315,0.24368619603826303,0,0
531,0,1,1,0.9717541251576568,0.9909957051277161,0.2556396811201089,1.7087440998640622,0,2
532,0,1,1,0.4408340516124901,1.0440236330032349,0.2458694321601803,3.3552202823571675,0,0
533,0,1,1,0.4655709743960784,1.084914207458496,0.24722747849714363,4.624841020453752,0,0
534,0,1,1,0.979206589004727,0.9826285243034363,0.24430142828636217,1.4489496011212635,0,0
535,0,1,1,0.9734397814778112,0.9602711200714111,0.2444936075879154,0.7547694767005557,0,0
536,0,1,1,0.9717541251576568,0.9972944259643555,0.24660067798810836,1.9043145144207967,0,0
537,0,1,1,0.9717541251576568,1.0504182577133179,0.12933069637440006,3.5537684380733223,0,0
538,0,1,1,0.9769029620937478,1.0228849649429321,0.003721311651001551,2.698880974273735,0,0
539,0,1,1,0.9717541251576568,1.0003116130828857,0.005300577337049858,1.9979958428793905,0,0
540,0,1,1,0.9717541251576568,1.0012413263320923,0.004879163257011263,2.0268627208188836,0,0
541,0,1,1,0.9717541251576568,1.050679326057434,0.004879163257011263,3.56187440841407,0,0
542,0,1,1,0.9717541251576568,1.0157480239868164,0.004879163257011263,2.4772844727530887,0,0
543,0,1,1,0.9717541251576568,0.9855753183364868,0.0035919540229885057,1.5404452786729113,0,0
544,0,1,1,0.9862241892228062,0.961456298828125,0.010878110042160884,0.7915683612337575,0,0
545,0,1,1,0.9717541251576568,1.0260802507400513,0.0072094700392758525,2.7980921290743725,0,0
546,0,1,1,0.9717541251576568,1.0120282173156738,0.007209470039275854,2.361787350144556,0,0
547,0,1,1,0.9717541251576568,0.9754247069358826,0.007209470039275854,1.2252766387051108,0,0
548,0,1,1,0.9717541251576568,0.9743332266807556,0.007209470039275853,1.1913870202394101,0,0
549,0,1,1,0.9717541251576568,1.0463029146194458,0.0035919540229885057,3.4259902151951094,0,0
550,0,1,1,0.9717541251576568,0.9973253607749939,0.0035919540229885057,1.9052750163858305,0,0
551,0,1,1,0.9717541251576568,1.0035967826843262,0.0035919540229885057,2.0999978203452905,0,0
552,0,1,1,0.9717541251576568,0.9720281362533569,0.0035919540229885057,1.1198157437581933,0,0
553,0,1,1,0.9717541251576568,1.0581448078155518,0.0035919540229885057,3.79367184795257,0,0
554,0,1,1,0.9717541251576568,1.0114954710006714,0.0035919540229885057,2.3452459887505834,0,0
555,0,1,1,0.9717541251576568,0.9861422777175903,0.0035919540229885057,1.5580489293307174,0,0
556,0,1,1,0.9717541251576568,0.9861158728599548,0.0035919540229885057,1.5572290789058427,0,0
557,0,1,1,0.9717541251576568,1.0412700176239014,0.0035919540229885057,3.2697226527220407,0,0
558,0,1,1,0.9717541251576568,0.9974611401557922,0.0035919540229885057,1.9094908612342831,0,0
559,0,1,1,0.9717541251576568,0.9830073714256287,0.0035919540229885057,1.4607125115061472,0,0
560,0,1,1,0.9717541251576568,0.9889674782752991,0.0035919540229885057,1.6457692234359897,0,0
561,0,1,1,0.9717541251576568,1.0288214683532715,0.0035919540229885057,2.883204817652222,0,0
562,0,1,1,0.9717541251576568,0.984877347946167,0.0035919540229885057,1.5187738374194515,0,0
563,0,1,1,0.9717541251576568,0.9668803811073303,0.0035919540229885057,0.9599819244708276,0,0
564,0,1,1,0.9717541251576568,0.98188716173172,0.0035919540229885057,1.4259308661673324,0,0
565,0,1,1,0.9717541251576568,1.0387663841247559,0.0035919540229885057,3.1919867672899036,0,0
566,0,1,1,0.9717541251576568,1.0057255029678345,0.0035919540229885057,2.1660929401511027,0,0
567,0,1,1,0.9717541251576568,0.9941650032997131,0.0035919540229885057,1.8071483589869455,0,0
568,0,1,1,0.9717541251576568,0.9952776432037354,0.0035919540229885057,1.841694968199442,0,0
569,0,1,1,0.9717541251576568,1.0263057947158813,0.0035919540229885057,2.8050950952317675,0,0
570,0,1,1,0.9717541251576568,0.9705105423927307,0.0035919540229885057,1.0726956271267383,0,0
571,0,1,1,0.9717541251576568,0.9627630114555359,0.0035919540229885057,0.832140778535175,0,0
572,0,1,1,0.9717541251576568,0.9796389937400818,0.0035919540229885057,1.3561269873289041,0,0
573,0,1,1,0.9717541251576568,1.0099174976348877,0.0035919540229885057,2.29625113514306,0,0
574,0,1,1,0.9717541251576568,0.9594086408615112,0.0035919540229885057,0.7279901637255289,0,0
575,0,1,1,0.9717541251576568,0.9750667810440063,0.0035919540229885057,1.2141633163543828,0,0
576,0,1,1,0.9717541251576568,0.9867285490036011,0.0035919540229885057,1.5762521997123595,0,0
577,0,1,1,0.9717541251576568,1.005275011062622,0.0035919540229885057,2.152105514617913,0,0
578,0,1,1,0.9717541251576568,0.9925966262817383,0.0035919540229885057,1.7584514645631806,0,0
579,0,1,1,0.9717541251576568,1.0244197845458984,0.0035919540229885057,2.7465359368934266,0,0
580,0,1,1,0.9717541251576568,0.9685767292976379,0.0035919540229885057,1.0126522249040868,0,0
581,0,1,1,0.9717541251576568,0.9709322452545166,0.0035919540229885057,1.0857891751086535,0,0
582,0,1,1,0.9717541251576568,0.9847654104232788,0.0035919540229885057,1.515298263834994,0,0
583,0,1,1,0.9717541251576568,1.0405532121658325,0.0035919540229885057,3.2474663971700246,0,0
584,0,1,1,0.9717541251576568,0.987056314945221,0.0035919540229885057,1.5864290789141338,0,0
585,0,1,1,0.9717541251576568,0.9736883044242859,0.0035919540229885057,1.1713626825483399,0,0
586,0,1,1,0.9717541251576568,0.9875260591506958,0.0035919540229885057,1.6010142734929993,0,0
587,0,1,1,0.9717541251576568,1.0116181373596191,0.0035919540229885057,2.3490546844038387,0,0
588,0,1,1,0.9717541251576568,1.0313149690628052,0.0035919540229885057,2.960626087797161,0,0
589,0,1,1,0.9717541251576568,0.9581551551818848,0.0035919540229885057,0.6890704020209808,0,0
590,0,1,1,0.9717541251576568,0.9750537872314453,0.0035919540229885057,1.2137598685155053,0,0
591,0,1,1,0.9717541251576568,0.9862914681434631,0.0035919540229885057,1.5626811767651674,0,0
592,0,1,1,0.9717541251576568,0.9963055849075317,0.0035919540229885057,1.8736117637465952,0,0
593,0,1,1,0.9717541251576568,0.9933167099952698,0.0035919540229885057,1.7808095074139958,0,0
594,0,1,1,0.9717541251576568,0.9465668797492981,0.0035919540229885057,0.32926340483426925,0,0
595,0,1,1,0.9717541251576568,1.0012471675872803,0.0035919540229885057,2.0270440872785622,0,0
596,0,1,1,0.9717541251576568,0.9806315302848816,0.0035919540229885057,1.3869444800490247,0,0
597,0,1,1,0.9717541251576568,0.9985316395759583,0.0035919540229885057,1.942729040987668,0,0
598,0,1,1,0.9717541251576568,0.9896959662437439,0.0035919540229885057,1.6683882119073634,0,0
599,0,1,1,0.9717541251576568,0.9496386647224426,0.0035919540229885057,0.42463995448741204,0,0
600,0,1,1,0.9717541251576568,0.9803513288497925,0.0035919540229885057,1.378244442018921,0,0
601,0,1,1,0.9717541251576568,0.9666742086410522,0.0035919540229885057,0.9535804287154291,0,0
602,0,1,1,0.9717541251576568,0.9773662090301514,0.0035919540229885057,1.2855587784104008,0,0
603,0,1,1,0.9717541251576568,1.0449790954589844,0.0035919540229885057,3.3848866532617756,0,0
604,0,1,1,0.9717541251576568,1.0186468362808228,0.0035919540229885057,2.567290354385946,0,0
605,0,1,1,0.9717541251576568,0.9820281267166138,0.0035919540229885057,1.4303077200157042,0,0
606,0,1,1,0.9717541251576568,0.9563901424407959,0.0035919540229885057,0.6342681203474154,0,0
607,0,1,1,0.9717541251576568,1.0164642333984375,0.0035919540229885057,2.4995222215235047,0,0
608,0,1,1,0.9717541251576568,1.0197721719741821,0.0035919540229885057,2.60223115804652,0,0
609,0,1,1,0.9717541251576568,0.98854660987854,0.0035919540229885057,1.6327015849483144,0,0
610,0,1,1,0.9717541251576568,0.9798823595046997,0.0035919540229885057,1.3636833062561353,0,0
611,0,1,1,0.9717541251576568,0.9768754839897156,0.0035919540229885057,1.2703221451192195,0,0
612,0,1,1,0.9717541251576568,0.9478333592414856,0.0035919540229885057,0.36858661437769474,0,0
613,0,1,1,0.9717541251576568,0.9567857980728149,0.0035919540229885057,0.646552921973416,0,0
614,0,1,1,0.9717541251576568,0.9303165674209595,0.0035919540229885057,-0.1752962353140656,0,0
615,0,1,1,0.9717541251576568,0.963000476360321,0.0035919540229885057,0.8395138803245673,0,0
616,0,1,1,0.9717541251576568,0.9940680265426636,0.0035919540229885057,1.804137305620645,0,0
617,0,1,1,0.9717541251576568,0.9658267498016357,0.0035919540229885057,0.9272674866367194,0,0
618,0,1,1,0.9717541251576568,0.9572075009346008,0.0035919540229885057,0.6596464699553313,0,0
619,0,1,1,0.9717541251576568,0.9662249088287354,0.0035919540229885057,0.9396300167454393,0,0
620,0,1,1,0.9717541251576568,0.9599251747131348,0.0035919540229885057,0.7440281406599851,0,0
621,0,1,1,0.9717541251576568,1.0521780252456665,0.0035919540229885057,3.6084078600688088,0,0
622,0,1,1,0.9717541251576568,0.975587785243988,0.0035919540229885057,1.230340094150838,0,0
623,0,1,1,0.9717541251576568,0.9829388856887817,0.0035919540229885057,1.4585860823003212,0,0
624,0,1,1,0.9717541251576568,0.964767575263977,0.0035919540229885057,0.8943809357337322,0,0
625,0,1,1,0.9717541251576568,1.0329285860061646,0.0035919540229885057,3.010727646944357,0,0
626,0,1,1,0.9717541251576568,0.9774452447891235,0.0035919540229885057,1.288012777650545,0,0
627,0,1,1,0.9717541251576568,0.9599268436431885,0.0035919540229885057,0.7440799596484649,0,0
628,0,1,1,0.9717541251576568,0.9841204881668091,0.0035919540229885057,1.4952739261439236,0,0
629,0,1,1,0.9717541251576568,0.9786802530288696,0.0035919540229885057,1.3263588291254969,0,0
630,0,1,1,0.9717541251576568,0.9564291834831238,0.0035919540229885057,0.6354803145422077,0,0
631,0,1,1,0.9717541251576568,0.9776483774185181,0.0035919540229885057,1.294319888819784,0,0
632,0,1,1,0.9717541251576568,0.9667868614196777,0.0035919540229885057,0.9570782104378065,0,0
633,0,1,1,0.9717541251576568,1.0059311389923096,0.0035919540229885057,2.1724777798030614,0,0
634,0,1,1,0.9717541251576568,1.053170919418335,0.0035919540229885057,3.6392364568578897,0,0
635,0,1,1,0.9717541251576568,0.9997662305831909,0.0035919540229885057,1.9810621377155,0,0
636,0,1,1,0.9717541251576568,0.9808045625686646,0.0035919540229885057,1.39231699874747,0,0
637,0,1,1,0.9717541251576568,0.9862266182899475,0.0035919540229885057,1.5606676389271004,0,0
638,0,1,1,0.9717541251576568,1.0078867673873901,0.0035919540229885057,2.233198530232268,0,0
639,0,1,1,0.9717541251576568,1.0412558317184448,0.0035919540229885057,3.2692821913199634,0,0
640,0,1,1,0.9717541251576568,0.9740598201751709,0.0035919540229885057,1.182897959519545,0,0
641,0,1,1,0.9717541251576568,0.9835992455482483,0.0035919540229885057,1.4790897456348284,0,0
642,0,1,1,0.9717541251576568,0.9720817804336548,0.0035919540229885057,1.1214813541021826,0,0
643,0,1,1,0.9717541251576568,1.037006139755249,0.0035919540229885057,3.1373325398691376,0,0
644,0,1,1,0.9717541251576568,1.0117466449737549,0.0035919540229885057,2.353044746516773,0,0
645,0,1,1,0.9717541251576568,0.9818350076675415,0.0035919540229885057,1.4243115227773429,0,0
646,0,1,1,0.9717541251576568,0.9432126879692078,0.0035919540229885057,0.2251183420591032,0,0
647,0,1,1,0.9717541251576568,1.006399393081665,0.0035919540229885057,2.187016707427927,0,0
648,0,1,1,0.9717541251576568,0.9936198592185974,0.0035919540229885057,1.790222056535695,0,0
649,0,1,1,0.9717541251576568,0.9514440894126892,0.0035919540229885057,0.4806969959534493,0,0
650,0,1,1,0.9717541251576568,0.9638100862503052,0.0035919540229885057,0.8646516417716846,0,0
651,0,1,1,0.9717541251576568,1.0032379627227783,0.0035919540229885057,2.0888567378221623,0,0
652,0,1,1,0.9717541251576568,0.9841930866241455,0.0035919540229885057,1.4975280521427892,0,0
653,0,1,1,0.9717541251576568,0.9755762219429016,0.0035919540229885057,1.2299810625878005,0,0
654,0,1,1,0.9717541251576568,0.9725034236907959,0.0035919540229885057,1.1345730514059378,0,0
655,0,1,1,0.9717541251576568,1.00905442237854,0.0035919540229885057,2.269453315386434,0,0
656,0,1,1,0.9717541251576568,1.0240046977996826,0.0035919540229885057,2.73364781418727,0,0
657,0,1,1,0.9717541251576568,0.9771316647529602,0.0035919540229885057,1.278276359850848,0,0
658,0,1,1,0.9717541251576568,0.9909732341766357,0.0035919540229885057,1.7080463941977468,0,0
659,0,1,1,0.9717541251576568,0.9764525294303894,0.0035919540229885057,1.2571897328959443,0,0
660,0,1,1,0.9717541251576568,0.9982273578643799,0.0035919540229885057,1.9332813289809292,0,0
661,0,1,1,0.9717541251576568,1.0355267524719238,0.0035919540229885057,3.0913987079382346,0,0
662,0,1,1,0.9717541251576568,1.0005522966384888,0.0035919540229885057,2.005468881289422,0,0
663,0,1,1,0.9717541251576568,1.0215108394622803,0.0035919540229885057,2.656215439973371,0,0
664,0,1,1,0.9717541251576568,1.016808032989502,0.0035919540229885057,2.510196933150316,0,0
665,0,1,1,0.9717541251576568,1.0304524898529053,0.0035919540229885057,2.9338467748221344,0,0
666,0,1,1,0.9717541251576568,1.0084633827209473,0.0035919540229885057,2.2511019907519927,0,0
667,0,1,1,0.9717541251576568,0.9779129028320312,0.0035919540229885057,1.3025331984938109,0,0
668,0,1,1,0.9717541251576568,0.9509769678115845,0.0035919540229885057,0.4661932312136231,0,0
669,0,1,1,0.9717541251576568,0.986748456954956,0.0035919540229885057,1.5768703262177957,0,0
670,0,1,1,0.9717541251576568,0.9913519620895386,0.0035919540229885057,1.7198056032263107,0,0
671,0,1,1,0.9717541251576568,0.9721187949180603,0.0035919540229885057,1.122630625239535,0,0
672,0,1,1,0.9717541251576568,0.9679266810417175,0.0035919540229885057,0.9924687288912575,0,0
673,0,1,1,0.9717541251576568,0.965541660785675,0.0035919540229885057,0.9184156929974967,0,0
674,0,1,1,0.9717541251576568,0.9830577373504639,0.0035919540229885057,1.4622763345513372,0,0
675,0,1,1,0.9717541251576568,0.9786180853843689,0.0035919540229885057,1.3244285718046291,0,0
676,0,1,1,0.9717541251576568,0.985903263092041,0.0035919540229885057,1.5506277099091654,0,0
677,0,1,1,0.9717541251576568,0.9869084358215332,0.0035919540229885057,1.5818375463992034,0,0
678,0,1,1,0.9717541251576568,0.9679086804389954,0.0035919540229885057,0.9919098240869411,0,0
679,0,1,1,0.9717541251576568,0.95086669921875,0.0035919540229885057,0.4627694766176453,0,0
680,0,1,1,0.9717541251576568,0.964266300201416,0.0035919540229885057,0.8788167324082329,0,0
681,0,1,1,0.9717541251576568,0.9602401852607727,0.0035919540229885057,0.7538089747355219,0,0
682,0,1,1,0.9717541251576568,0.9393704533576965,0.0035919540229885057,0.10581992650995521,0,0
683,0,1,1,0.9718613378868766,0.9626075625419617,0.0034847412937687424,0.8273142098939262,0,0
684,0,1,1,0.9717541251576568,0.9571618437767029,0.0036187572052934465,0.6582288504847804,0,0
685,0,1,1,0.9717541251576568,0.949674665927887,0.0036187572052934465,0.4257577640960448,0,0
686,0,1,1,0.9717541251576568,0.9832000732421875,0.0036187572052934465,1.4666957539973886,0,0
687,0,1,1,0.9717541251576568,0.9816133975982666,0.0036187572052934465,1.4174307013785075,0,0
688,0,1,1,0.9717541251576568,0.9534175395965576,0.0035919540229885057,0.5419710991524928,0,0
689,0,1,1,0.9717541251576568,0.9852522611618042,0.0035919540229885057,1.5304146030457761,0,0
690,0,1,1,0.9717541251576568,0.97477787733078,0.0035919540229885057,1.2051930793129209,0,0
691,0,1,1,0.9717541251576568,1.021809697151184,0.0035919540229885057,2.6654947402675506,0,0
692,0,1,1,0.9717541251576568,1.015739917755127,0.0035919540229885057,2.4770327805233303,0,0
693,0,1,1,0.9717541251576568,0.9856967329978943,0.0035919540229885057,1.544215110084807,0,0
694,0,1,1,0.9717541251576568,0.9707175493240356,0.0035919540229885057,1.0791230323763767,0,0
695,0,1,1,0.9717541251576568,0.9836311340332031,0.0035919540229885057,1.480079858450422,0,0
696,0,1,1,0.9717541251576568,0.9750193357467651,0.0035919540229885057,1.2126901765390323,0,0
697,0,1,1,0.9717541251576568,1.0563052892684937,0.0035919540229885057,3.7365562185790195,0,0
698,0,1,1,0.9717541251576568,0.9901115894317627,0.0035919540229885057,1.6812929907169598,0,0
699,0,1,1,0.9717541251576568,0.980548083782196,0.0035919540229885057,1.3843535306250414,0,0
700,0,1,1,0.9717541251576568,0.9687545299530029,0.0035919540229885057,1.0181727978553312,0,0
701,0,1,1,0.9717541251576568,0.9986365437507629,0.0035919540229885057,1.945986234549247,0,0
702,0,1,1,0.9717541251576568,0.9861412048339844,0.0035919540229885057,1.5580156171238377,0,0
703,0,1,1,0.9717541251576568,0.9540387392044067,0.0035919540229885057,0.5612588669358879,0,0
704,0,1,1,0.9717541251576568,0.983514130115509,0.0035919540229885057,1.4764469772223654,0,0
705,0,1,1,0.9717541251576568,0.9898632764816284,0.0035919540229885057,1.6735830655024497,0,0
706,0,1,1,0.9717541251576568,1.0194460153579712,0.0035919540229885057,2.5921042471550657,0,0
707,0,1,1,0.9717541251576568,0.9506787657737732,0.0035919540229885057,0.456934288379203,0,0
708,0,1,1,0.9717541251576568,0.9740114212036133,0.0035919540229885057,1.1813952088536348,0,0
709,0,1,1,0.9717541251576568,0.9774233102798462,0.0035919540229885057,1.2873317280876693,0,0
710,0,1,1,0.9717541251576568,0.9673258066177368,0.0035919540229885057,0.9738120423604182,0,0
711,0,1,1,0.9717541251576568,0.9702262878417969,0.0035919540229885057,1.0638697429817554,0,0
712,0,1,1,0.9717541251576568,0.9561517834663391,0.0035919540229885057,0.6268672583856234,0,0
713,0,1,1,0.9717541251576568,0.9512135982513428,0.0035919540229885057,0.47354042350877557,0,0
714,0,1,1,0.9717541251576568,0.9583944082260132,0.0035919540229885057,0.6964990241551727,0,0
715,0,1,1,0.9717541251576568,0.9633751511573792,0.0035919540229885057,0.851147243238252,0,0
716,0,1,1,0.9717541251576568,0.943655788898468,0.0035919540229885057,0.23887628350045417,0,0
717,0,1,1,0.9717541251576568,0.952411949634552,0.0035919540229885057,0.5107483079153348,0,0
718,0,1,1,0.9717541251576568,0.9618990421295166,0.0035919540229885057,0.8053151986061485,0,0
719,0,1,1,0.9717541251576568,0.976146936416626,0.0035919540229885057,1.2477013059696858,0,0
720,0,1,1,0.9717541251576567,0.9650065898895264,0.0035919540229886167,0.9018021551552842,0,0
721,0,1,1,0.9717541251576567,0.9657021760940552,0.003591954022988589,0.9233995692823445,0,0
722,0,1,1,0.9717541251576568,0.9637205004692078,0.00359195402298845,0.8618700724972226,0,0
