frame,label,valid,inference_valid,phase,feature_raw,time_raw,score,alarm,evidence_type
15,0.0,0,0,0.12050866711438249,0.5289266109466553,nan,nan,0,0
16,0.0,0,0,0.11719207766085979,0.5162100195884705,nan,nan,0,0
17,0.0,0,0,0.11708952229365889,0.5152543783187866,nan,nan,0,0
18,0.0,0,0,0.11834870052535508,0.52163165807724,nan,nan,0,0
19,0.0,0,0,0.11797425155631547,0.5311207175254822,nan,nan,0,0
20,0.0,0,0,0.12081146906091468,0.5160820484161377,nan,nan,0,0
21,0.0,0,0,0.11676391263709425,0.5247257351875305,nan,nan,0,0
22,0.0,0,0,0.12350811870476854,0.5206847190856934,nan,nan,0,0
23,0.0,0,0,0.11796845784896773,0.5178537368774414,nan,nan,0,0
24,0.0,0,0,0.12126835330163545,0.518650233745575,nan,nan,0,0
25,0.0,0,0,0.11443278795928725,0.5189471244812012,nan,nan,0,0
26,0.0,0,0,0.1216819647259832,0.5183448791503906,nan,nan,0,0
27,0.0,0,0,0.11459445699851564,0.5290522575378418,nan,nan,0,0
28,0.0,0,0,0.1304853077103298,0.5188589096069336,nan,nan,0,0
29,0.0,0,0,0.12734081027610852,0.5152678489685059,nan,nan,0,0
30,0.0,0,0,0.13333104313444177,0.510187566280365,nan,nan,0,0
31,0.0,0,0,0.12937371972568862,0.48221805691719055,nan,nan,0,0
32,0.0,0,0,0.13036423824387108,0.489253968000412,nan,nan,0,0
33,0.0,0,0,0.12347547417069162,0.4987294375896454,nan,nan,0,0
34,0.0,0,0,0.13109635182496163,0.4911152422428131,nan,nan,0,0
35,0.0,0,0,0.1287921112825852,0.49836522340774536,nan,nan,0,0
36,0.0,0,0,0.1289006346299897,0.49806657433509827,nan,nan,0,0
37,0.0,0,0,0.12272424072833718,0.4931274950504303,nan,nan,0,0
38,0.0,0,0,0.12886210071284743,0.4829855263233185,nan,nan,0,0
39,0.0,0,0,0.12432045531424715,0.5030875205993652,nan,nan,0,0
40,0.0,0,0,0.1293875336684563,0.49470797181129456,nan,nan,0,0
41,0.0,0,0,0.12640224447101533,0.4891451895236969,nan,nan,0,0
42,0.0,0,0,0.1323646144543647,0.49490296840667725,nan,nan,0,0
43,0.0,0,0,0.12728740902683539,0.49504226446151733,nan,nan,0,0
44,0.0,0,0,0.13443201708613967,0.4915851950645447,nan,nan,0,0
45,0.0,1,1,0.1282377646300566,0.4885455071926117,0.018401785207427135,-0.7872651463293099,0,0
46,0.0,1,1,0.1323572692780982,0.481987327337265,0.014769399707409503,-1.229392799587551,0,0
47,0.0,1,1,0.12468964083768655,0.5015740990638733,0.022713051970894255,-0.11450142178959434,0,0
48,0.0,1,1,0.13039767042192205,0.4911659061908722,0.017543109536462344,-0.7740855336999954,0,0
49,0.0,1,1,0.1269270325571963,0.48655375838279724,0.02113062986607098,-0.6503555850417913,0,0
50,0.0,1,1,0.1333987799687026,0.48736512660980225,0.015594728916869405,-1.0192259821424687,0,0
51,0.0,1,1,0.1275183367946549,0.4982823431491852,0.021257328692234685,-0.31041282597990205,0,0
52,0.0,1,1,0.13528831342964842,0.48937439918518066,0.014765759236936444,-1.0211898936667605,0,0
53,0.0,1,1,0.12659838137198903,0.4984985291957855,0.022928438077648574,-0.18605037518015893,0,0
54,0.0,1,1,0.1340902887946527,0.4903513491153717,0.016278643638144262,-0.8865562879393332,0,0
55,0.0,1,1,0.12623100540785098,0.48906755447387695,0.02401087600898791,-0.37558670892489454,0,0
56,0.0,1,1,0.13487414618427257,0.49078264832496643,0.016517254513889388,-0.8574990651006948,0,0
57,0.0,1,1,0.12815185949369717,0.5073533058166504,0.022923035220036816,0.06344591529006244,0,0
58,0.0,1,1,0.1348783973689809,0.49780669808387756,0.017363271517968924,-0.5994116029589158,0,0
59,0.0,1,1,0.12946883176868443,0.4920221269130707,0.022204412683510647,-0.4200502680992606,0,0
60,0.0,1,1,0.13243262408204473,0.488434761762619,0.01941335513351387,-0.7188031455666984,0,0
61,0.0,1,1,0.12752550693738735,0.48927363753318787,0.024188724262813707,-0.3571850798894763,0,0
62,0.0,1,1,0.13654812429743862,0.4843350946903229,0.015975748131953127,-1.0777682787844143,0,0
63,0.0,1,1,0.1279558134998558,0.49170565605163574,0.023902940142520795,-0.3087788719792125,0,0
64,0.0,1,1,0.13635016177211598,0.4969831705093384,0.016422728292579902,-0.6892120082948956,0,0
65,0.0,1,1,0.12755877377462616,0.49354639649391174,0.024624451510294385,-0.20577361860442797,0,0
66,0.0,1,1,0.13784109201786165,0.48391786217689514,0.015471165174057389,-1.1252509663718642,0,0
67,0.0,1,1,0.12723935152285426,0.49438896775245667,0.025200777758063373,-0.14121086443788386,0,0
68,0.0,1,1,0.13738534169509142,0.4877535402774811,0.016303361399322078,-0.9581162912837324,0,0
69,0.0,1,1,0.1282788158801554,0.4859355390071869,0.02459592512665427,-0.42256807272512575,0,0
70,0.0,1,1,0.13632254839968636,0.4846755564212799,0.01754811592856457,-0.9568865978828216,0,0
71,0.0,1,1,0.1278746998399804,0.481266051530838,0.025363153676733877,-0.500043799842056,0,0
72,0.0,1,1,0.13624061806152388,0.48800569772720337,0.017872847464744098,-0.8399304612843829,0,0
73,0.0,1,1,0.13022811535711187,0.48846307396888733,0.02318802012547322,-0.4508771376807856,0,0
74,0.0,1,1,0.13574610222523648,0.481572687625885,0.018296432876071366,-0.9914912479442812,0,0
75,0.0,1,1,0.12850745601099983,0.4959166347980499,0.025050505853897707,-0.10873514860794437,0,0
76,0.0,1,1,0.13652976834156413,0.49309614300727844,0.017707049858287624,-0.7080131420543663,0,0
77,0.0,1,1,0.12675386397233898,0.49319419264793396,0.026952170907372196,-0.0509836802468151,0,0
78,0.0,1,1,0.135740951881519,0.4850803315639496,0.018732120925541766,-0.8616738340417254,0,0
79,0.0,1,1,0.1276290245208117,0.4858839809894562,0.026323927178707778,-0.3017350603734951,0,0
80,0.0,1,1,0.13584289109874262,0.4915732443332672,0.018913946620185286,-0.6655786328202097,0,0
81,0.0,1,1,0.12833311553403776,0.4929574429988861,0.025724706268603577,-0.14453039434738219,0,0
82,0.0,1,1,0.13650295142560934,0.48826658725738525,0.018506150719470142,-0.7877503859883903,0,0
83,0.0,1,1,0.12867098340354308,0.4900490641593933,0.025454485623609715,-0.2457268951683419,0,0
84,0.0,1,1,0.1365392015949331,0.4950133264064789,0.018458917289514692,-0.6007024452577894,0,0
85,0.0,1,1,0.13048565786153585,0.48967215418815613,0.023790528326678096,-0.3741187759259032,0,0
86,0.0,1,1,0.13671972208773123,0.4957553446292877,0.018347510847693416,-0.5876470123008983,0,0
87,0.0,1,1,0.13105941313839248,0.49088767170906067,0.023420113995059576,-0.36603093850957136,0,0
88,0.0,1,1,0.13490711594787627,0.48649635910987854,0.019837465271001796,-0.7434905769928072,0,0
89,0.0,1,1,0.12771034025879757,0.49234649538993835,0.02686706261544084,-0.08092837358579569,0,0
90,0.0,1,1,0.1370880560713551,0.5039094090461731,0.018074679239802986,-0.37685007862402126,0,0
91,0.0,1,1,0.13163738260662244,0.4972398281097412,0.02310681689222568,-0.20894688602117065,0,0
92,0.0,1,1,0.13811235668600405,0.4789106547832489,0.01744066433117674,-1.1271742475401276,0,0
93,0.0,1,1,0.13342459673583262,0.4977756142616272,0.02143857442297993,-0.31188606213127834,0,0
94,0.0,1,1,0.13920654634960986,0.4822104275226593,0.016633336581389803,-1.091189139088037,0,0
95,0.0,1,1,0.1335088253544267,0.48908376693725586,0.021631851398168186,-0.5434889929241075,0,0
96,0.0,1,1,0.13897812665891532,0.4783709943294525,0.016803742208529964,-1.1874772405370653,0,0
97,0.0,1,1,0.1324815517077414,0.48894429206848145,0.022895361252215314,-0.45800833805604174,0,0
98,0.0,1,1,0.1373895339880836,0.4907470941543579,0.018393532356112473,-0.7257211876678429,0,0
99,0.0,1,1,0.1334611665797146,0.49898701906204224,0.022090626129504753,-0.23155598632548485,0,0
100,0.0,1,1,0.14095739034004118,0.5111167430877686,0.015512739794433406,-0.35476606558224255,0,0
101,0.0,1,1,0.13564913352071922,0.4914984703063965,0.02022989894316392,-0.5745608729900145,0,0
102,0.0,1,1,0.13981959029900423,0.48616883158683777,0.01664764892797547,-0.9784715243601467,0,0
103,0.0,1,1,0.1366676050394795,0.48336657881736755,0.019589874288344286,-0.8493334826847859,0,0
104,0.0,1,1,0.14030274199392026,0.5011644959449768,0.016338828256039793,-0.5771539662678141,0,0
105,0.0,1,1,0.13744158264582773,0.504898726940155,0.019182434330364435,-0.2705378113541909,0,0
106,0.0,1,1,0.14158137523592335,0.49432122707366943,0.015560875051413615,-0.8253230891509413,0,0
107,0.0,1,1,0.13711089368385926,0.4902026951313019,0.019979314409972474,-0.6288606563682189,0,0
108,0.0,1,1,0.140217585566356,0.49066925048828125,0.017329184202746515,-0.8032401368806079,0,0
109,0.0,1,1,0.13798537725821328,0.48804718255996704,0.0195992862821637,-0.7165824404668479,0,0
110,0.0,1,1,0.13983468351170197,0.49695658683776855,0.01812269342954128,-0.5696583567505071,0,0
111,0.0,1,1,0.13735488845420643,0.5012011528015137,0.020708046591182586,-0.26691687934631386,0,0
112,0.0,1,1,0.14257076027900972,0.4915372133255005,0.01606317575763946,-0.8683399420919908,0,0
113,0.0,1,1,0.13773143773579397,0.48203974962234497,0.020834483368714022,-0.7986971217014485,0,0
114,0.0,1,1,0.14270334789474348,0.48708462715148926,0.016469471231686527,-0.9652374523662464,0,0
115,0.0,1,1,0.13910543377685994,0.49302250146865845,0.01996797401538342,-0.5500892676746121,0,0
116,0.0,1,1,0.14004501938350863,0.48043638467788696,0.019315714272578853,-0.9514243865146683,0,0
117,0.0,1,1,0.13819735404795616,0.5047364234924316,0.021274222851323913,-0.12708540485831257,0,0
118,0.0,1,1,0.14205190825263925,0.49525827169418335,0.017818784849992126,-0.639091332737647,0,0
119,0.0,1,1,0.13777201634329495,0.48326289653778076,0.022175651663129355,-0.6692680009485327,0,0
120,0.0,1,1,0.1456335552560581,0.4765198826789856,0.015333415117790223,-1.3437676653467507,0,0
121,0.0,1,1,0.14060872791460613,0.4864008128643036,0.019959179267458178,-0.737573351755125,0,0
122,0.0,1,1,0.14706756192908574,0.49777084589004517,0.014578960296487453,-0.7974646229014817,0,0
123,0.0,1,1,0.139339510778903,0.4915872812271118,0.021825948088196823,-0.4591047968910916,0,0
124,0.0,1,1,0.1497693702430039,0.4897995591163635,0.012938010168206863,-1.1385389310767993,0,0
125,0.0,1,1,0.143435410294078,0.4897323548793793,0.01836079559068959,-0.7566734974571073,0,0
126,0.0,1,1,0.14863287889609564,0.48696398735046387,0.014105213700632975,-1.1359566157337697,0,0
127,0.0,1,1,0.14289942718989596,0.4941486716270447,0.019468000847647052,-0.5536914541019486,0,0
128,0.0,1,1,0.1462188227059873,0.48417505621910095,0.016621375441420616,-1.036594487967227,0,0
129,0.0,1,1,0.14008539399999126,0.48502376675605774,0.0229236061775537,-0.56664531734668,0,0
130,0.0,1,1,0.14520813475340819,0.47915491461753845,0.018267403614427434,-1.0617742957662613,0,0
131,1.0,1,1,0.13808030996873316,0.49112629890441895,0.025291189269933265,-0.2268839380238568,0,0
132,1.0,1,1,0.13996816334410134,0.49210140109062195,0.02351444656057707,-0.32510416183206153,0,0
133,1.0,1,1,0.13695615003376374,0.4860441982746124,0.02650134085467305,-0.2846585015321997,0,0
134,1.0,1,1,0.14272511812710095,0.4885432720184326,0.02105310091547354,-0.5996988196409779,0,0
135,1.0,1,1,0.1371578290275957,0.48170292377471924,0.026390025898423233,-0.4150453042263971,0,0
136,1.0,1,1,0.14580060529706207,0.4934113025665283,0.018575373298088105,-0.6376695805714068,0,0
137,1.0,1,1,0.13629147390468052,0.49319615960121155,0.027387563569435325,-0.020116126212574803,0,0
138,1.0,1,1,0.147344697654028,0.4965175688266754,0.017553532861667588,-0.6223258782342346,0,0
139,1.0,1,1,0.13223161850618245,0.49399060010910034,0.031657675378216496,0.30449173392903184,0,0
140,1.0,1,1,0.14177741611555653,0.5062386989593506,0.02253906003600596,0.004818792764429258,0,0
141,1.0,1,1,0.13068997614370562,0.48828545212745667,0.03307228353575412,0.24360406307504456,0,0
142,1.0,1,1,0.1404001550084909,0.5017733573913574,0.023948713522639626,-0.021432616913859642,0,0
143,1.0,1,1,0.12537615354101678,0.4882163405418396,0.038091588885742295,0.5968620279705817,0,0
144,1.0,1,1,0.1388294815413828,0.4893079996109009,0.025282798542967812,-0.2787894948227092,0,0
145,1.0,1,1,0.11902749342889374,0.507229745388031,0.043899277312927414,1.5444144277435592,0,0
146,1.0,1,1,0.13791336530205087,0.4996066689491272,0.026058503315489947,0.06673068043588803,0,0
147,1.0,1,1,0.11933862151196017,0.5078893303871155,0.042847829415546865,1.4886183834169222,0,0
148,1.0,1,1,0.13799924953120182,0.4881487786769867,0.02604687335370375,-0.25742993561246036,0,0
149,1.0,1,1,0.12359595929735333,0.5145132541656494,0.03791903022603941,1.3267398610059313,0,0
150,1.0,1,1,0.1368966834380336,0.4962024688720703,0.026537519227746536,0.004564562313006004,0,0
151,1.0,1,1,0.12165474473111917,0.5095739364624023,0.03900422885900786,1.2641518588469935,0,0
152,1.0,1,1,0.12544627307493988,0.5062103867530823,0.03473788419137927,0.8673112467682179,0,0
153,1.0,1,1,0.11993095758320052,0.5093967914581299,0.03937550693900542,1.285427650077599,0,0
154,1.0,1,1,0.13483080469205352,0.4887431263923645,0.026575219728734244,-0.20326742081976235,0,0
155,1.0,1,1,0.14027067474478563,0.5694749355316162,0.022505505431287574,1.7869482576689393,0,0
156,1.0,1,1,0.2085646803376662,0.5334934592247009,0.050508610958658426,2.753299123776312,0,0
157,1.0,1,1,0.21454571395588326,0.5093282461166382,0.054491917862156465,2.3532577219167594,0,0
158,1.0,1,1,0.2739682386060943,0.5104201436042786,0.11152623295350127,6.420298591577492,0,0
159,1.0,1,1,0.2847646766027354,0.5181310176849365,0.11806435708680549,7.100589374194828,0,0
160,1.0,1,1,0.3152113235028184,0.5159710049629211,0.14368836123346362,8.85300466846502,0,2
161,1.0,1,1,0.3110216190295432,0.4996415078639984,0.13420698287403945,7.721209986421564,0,0
162,1.0,1,1,0.3182394793264788,0.5259557366371155,0.1352850337967834,8.54008010104964,0,2
163,1.0,1,1,0.31860959858051996,0.5207514762878418,0.12984469132508122,8.008213330034895,0,0
164,1.0,1,1,0.3220530169625846,0.5218960642814636,0.12710107928191802,7.84635212792485,0,0
165,1.0,1,1,0.32394663370141413,0.5363407731056213,0.12301709939289815,7.964959894064161,0,0
166,1.0,1,1,0.3319153088080379,0.5143412947654724,0.12475948101039462,7.46744803189136,0,0
167,1.0,1,1,0.33364337739590105,0.4990217983722687,0.12028372614789191,6.718395236204148,0,0
168,1.0,1,1,0.3359538146253315,0.5091770887374878,0.11601576659428169,6.702937192632116,0,0
169,1.0,1,1,0.3388017855327903,0.5047549605369568,0.11257676693603033,6.334773765135393,0,0
170,1.0,1,1,0.3465930610310191,0.5077956318855286,0.11348237020003892,6.4846685324325275,0,0
171,1.0,1,1,0.3530295802867508,0.5172520875930786,0.11309170129192185,6.723879325795946,0,0
172,1.0,1,1,0.3635366828897171,0.5220310688018799,0.11618748375678663,7.077824082308204,0,0
173,1.0,1,1,0.36228894570692177,0.5161305665969849,0.10768083023074984,6.309311649959394,0,0
174,1.0,1,1,0.36409116735187064,0.5177796483039856,0.10156159613445162,5.922799668348918,0,0
175,1.0,1,1,0.368532713018133,0.5074863433837891,0.09833981368994857,5.4043258424538685,0,0
176,1.0,1,1,0.36851274558284114,0.5043977499008179,0.09015152645422504,4.737694749437854,0,0
177,1.0,1,1,0.35949329362551413,0.5066720247268677,0.0768438734267456,3.8601125020243154,0,0
178,1.0,1,1,0.3467505713343994,0.5011249780654907,0.06437933529738066,2.8214812507475417,0,0
179,1.0,1,1,0.3503349779292348,0.516471266746521,0.059287264510264136,2.8941902872378553,0,0
180,1.0,1,1,0.3427422606049957,0.5156883597373962,0.05294840173310132,2.423505677359269,0,0
181,1.0,1,1,0.3502165911815001,0.5078825950622559,0.04739870287190912,1.8104864029057817,0,0
182,1.0,1,1,0.3366758454329259,0.5065732598304749,0.04562142461090025,1.6477622687503637,0,0
183,1.0,1,1,0.3473594523426604,0.5174394845962524,0.036038682427853165,1.2762478136357764,0,0
184,1.0,1,1,0.3473170505660296,0.49759969115257263,0.030563395225898078,0.3288985288792673,0,0
185,1.0,1,1,0.36652255350463336,0.5027592182159424,0.02735838717564655,0.24768521442675157,0,0
186,1.0,1,1,0.3703820118772102,0.49758875370025635,0.02243738498902933,-0.2464749629122034,0,0
187,1.0,1,1,0.3826135670686089,0.5182027220726013,0.02527464260533661,0.5360320978431508,0,0
188,1.0,1,1,0.381264042951603,0.532423734664917,0.01942340041952361,0.5232608895778603,0,0
189,1.0,1,1,0.39239562076851014,0.5271890759468079,0.025378247547490608,0.7969557604249076,0,0
190,1.0,1,1,0.3889981368655175,0.5260724425315857,0.01881447755846888,0.30093718399896807,0,0
191,1.0,1,1,0.4044296566508912,0.5199303030967712,0.031365024845589194,1.0157904989055675,0,0
192,1.0,1,1,0.40110813735236617,0.5123297572135925,0.025247124353533913,0.36835169851960414,0,0
193,1.0,1,1,0.4089034159082347,0.5244284272193909,0.029962894248024854,1.043499403511582,0,0
194,1.0,1,1,0.37507329276658596,0.5449206233024597,0.013572091310800323,0.4618307814225837,0,0
195,1.0,1,1,0.3948746795865638,0.5384020805358887,0.014839405775144976,0.3675656587007712,0,0
196,1.0,1,1,0.37020155713470265,0.5006056427955627,0.017726277898499513,-0.4947369950786603,0,0
197,1.0,1,1,0.3796090175394413,0.5548927187919617,0.013653848162857666,0.7490255666192435,0,0
198,1.0,1,1,0.3571817831979557,0.5000680088996887,0.03170853937848986,0.47959360972521614,0,0
199,1.0,1,1,0.3688544523672143,0.5038536787033081,0.02194274963752069,-0.10468556929565329,0,0
200,1.0,1,1,0.3621530024233978,0.5209691524505615,0.02858651840041942,0.8484759686246064,0,0
201,1.0,1,1,0.3849665161190294,0.5252864956855774,0.01534449967111714,0.03319321901879968,0,0
202,1.0,1,1,0.3866617127703709,0.5302832722663879,0.014926877389916575,0.14464600857364263,0,0
203,1.0,1,1,0.39787646139950306,0.5043066740036011,0.014891372391088597,-0.5909169737916135,0,0
204,1.0,1,1,0.3979344907637584,0.506228506565094,0.014388551276660003,-0.5722673952873272,0,0
205,1.0,1,1,0.41154970138442726,0.5056180953979492,0.01893143099126132,-0.26800059744610005,0,0
206,1.0,1,1,0.40779572378870715,0.5099239945411682,0.016335485274168938,-0.3302006135801482,0,0
207,1.0,1,1,0.4236072016376063,0.5055734515190125,0.026210575292179485,0.24587305146744617,0,0
208,1.0,1,1,0.4196259363310211,0.5118852257728577,0.0214784052203922,0.08910091108328236,0,0
209,1.0,1,1,0.4316512299512334,0.5008639693260193,0.02908953278180628,0.3167123914295574,0,0
210,1.0,1,1,0.4001158932059474,0.5375227928161621,0.01568732263035336,0.40275820185227224,0,0
211,1.0,1,1,0.4024842804183977,0.5210081338882446,0.015087435739083055,-0.10573263319345644,0,0
212,1.0,1,1,0.38948188343752793,0.5300672650337219,0.021882127743260173,0.6307623843422862,0,0
213,1.0,1,1,0.40904457374380343,0.521285891532898,0.014119786380601799,-0.1663734199230813,0,0
214,1.0,1,1,0.3994270320946799,0.5422297120094299,0.017657549668388044,0.6750156237215412,0,0
215,1.0,1,1,0.4303480370621498,0.5143642425537109,0.018332491936159486,-0.06357340597858743,0,0
216,1.0,1,1,0.43123213106400615,0.5102388262748718,0.017310144862367552,-0.25234106285144875,0,0
217,1.0,1,1,0.4449772643531186,0.5426080226898193,0.026325043818797758,1.299076213862109,0,0
218,1.0,1,1,0.4414245149245983,0.5496073365211487,0.021583102276473788,1.1610146839961266,0,0
219,1.0,1,1,0.4498835419434538,0.5499148964881897,0.027147182433882835,1.5634550339825513,0,0
220,1.0,1,1,0.4468825471276555,0.5665761232376099,0.022778596327694765,1.7244710163885377,0,0
221,1.0,1,1,0.45412058655006565,0.5556235313415527,0.02753848265925861,1.7522423716849458,0,0
222,1.0,1,1,0.4550487007952863,0.5562210083007812,0.0268441437321051,1.719965695349338,0,0
223,1.0,1,1,0.4580715820589518,0.5369409918785095,0.02803509505674162,1.26017223362957,0,0
224,1.0,1,1,0.4580758208659031,0.5329512357711792,0.026519571879601866,1.0403315687778232,0,0
225,1.0,1,1,0.46309673993700906,0.525801420211792,0.0286545631264644,0.9896562607786941,0,0
226,1.0,1,1,0.4575748941903695,0.5451151132583618,0.022511329171893947,1.0999348870862762,0,0
227,1.0,1,1,0.4694052119559809,0.5247470140457153,0.02977652189856583,1.0393005350465447,0,0
228,1.0,1,1,0.470933281309328,0.5235272645950317,0.028311384771361598,0.9011942120983072,0,0
229,1.0,1,1,0.4730986717007057,0.5332031846046448,0.026685058559026878,1.0591527046314535,0,0
230,1.0,1,1,0.4709010976700461,0.5258161425590515,0.021636314657987526,0.4934014206723248,0,0
231,1.0,1,1,0.47465618504307916,0.5252529382705688,0.021302804370031413,0.45390600278587634,0,0
232,1.0,1,1,0.47158264509281017,0.5445883870124817,0.016693266665097507,0.6733358152237332,0,0
233,1.0,1,1,0.47393399793446467,0.5256688594818115,0.015848093269687058,0.07962190843902467,0,0
234,1.0,1,1,0.47067010039521556,0.5495201349258423,0.013127895869512522,0.5601923550440425,0,0
235,1.0,1,1,0.47247556439614086,0.5365026593208313,0.01218931480989001,0.1264219391904705,0,0
236,1.0,1,1,0.4718633196796784,0.5316032767295837,0.011603467882632838,-0.053296349096970785,0,0
237,1.0,1,1,0.47381189848296446,0.5339855551719666,0.010871850572075995,-0.03784469533073531,0,0
238,1.0,1,1,0.4750807500046358,0.5314008593559265,0.01065093283503347,-0.12641788802213993,0,0
239,1.0,1,1,0.4764315665982264,0.5252500176429749,0.01025641365822935,-0.3279119458668308,0,0
240,1.0,1,1,0.4767192672994939,0.5244108438491821,0.010631055503744246,-0.32508032291425826,0,0
241,1.0,1,1,0.47626322677019145,0.5145342350006104,0.010450490584491582,-0.6165729991300593,0,0
242,1.0,1,1,0.47706973647123957,0.5212457776069641,0.009806137126848895,-0.4727755284623766,0,0
243,1.0,1,1,0.4758622286345232,0.5241280198097229,0.010184971700192428,-0.3646301589839894,0,0
244,1.0,1,1,0.4776374998568773,0.5142577290534973,0.009146272430047472,-0.7166733462244061,0,0
245,1.0,1,1,0.4758733376183638,0.5148003101348877,0.010727623807640078,-0.5894521754889547,0,0
246,1.0,1,1,0.47711506859549707,0.5164270997047424,0.010828942654886342,-0.5363745793678671,0,0
247,1.0,1,1,0.475314346956776,0.5269768238067627,0.013973796260948556,-0.01610882723705831,0,0
248,1.0,1,1,0.47754634021699055,0.52047199010849,0.012806053197590529,-0.28231223942599437,0,0
249,1.0,1,1,0.475124154176176,0.5228806734085083,0.016379285971416867,0.03853195461172415,0,0
250,1.0,1,1,0.4767638390466408,0.5214742422103882,0.015594481726127414,-0.056696383032173725,0,0
251,1.0,1,1,0.4750608888675941,0.5120767951011658,0.018279948085055644,-0.1318428031946208,0,0
252,1.0,1,1,0.47440732411632824,0.5459777116775513,0.019631522913572487,0.9204777912944376,0,0
253,1.0,1,1,0.4750422730863714,0.5248733162879944,0.019641861387564033,0.3256509082824695,0,0
254,1.0,1,1,0.4729777783497559,0.5347111821174622,0.022272045825093543,0.7894059537401327,0,0
255,1.0,1,1,0.47100340567735255,0.5611941814422607,0.02474315041362533,1.7116229090510193,0,0
256,1.0,1,1,0.4730632600954943,0.5294148921966553,0.02298838970742476,0.6906410577764864,0,0
257,1.0,1,1,0.473456128989379,0.5437888503074646,0.023070261489781155,1.1020629716151538,0,0
258,1.0,1,1,0.4736483385577746,0.5421979427337646,0.02301308248916547,1.0531216594984765,0,0
259,1.0,1,1,0.47289873468073784,0.5415968894958496,0.0238531882744838,1.0956131036056014,0,0
260,1.0,1,1,0.47269094409467893,0.542361855506897,0.024054314293210453,1.1314335409202059,0,0
261,1.0,1,1,0.47267649564668734,0.5323746800422668,0.0241284242886898,0.8548436534887467,0,0
262,1.0,1,1,0.4740586043448195,0.5455225706100464,0.02268032594401124,1.1233928216171032,0,0
263,1.0,1,1,0.47335108345209354,0.5301132798194885,0.023470378811804193,0.744458911266979,0,0
264,1.0,1,1,0.4747868871621477,0.5305405259132385,0.022015144619004348,0.653531030856851,0,0
265,1.0,1,1,0.4743020457111543,0.5407951474189758,0.02263721229556211,0.9869355386589627,0,0
266,1.0,1,1,0.47436761592771004,0.5459610223770142,0.02263252478950683,1.1323829625036264,0,0
267,1.0,1,1,0.47428163910836546,0.5492348074913025,0.02280197815045246,1.2367599575608206,0,0
268,1.0,1,1,0.47478006067374234,0.530460000038147,0.02231921460592228,0.6727771694724111,0,0
269,1.0,1,1,0.47510334075824023,0.5499694347381592,0.021985911543727935,1.1997391389024048,0,0
270,1.0,1,1,0.4757577754529063,0.5344614386558533,0.021287202654395657,0.712662494902694,0,0
271,1.0,1,1,0.47673019793399174,0.5341466069221497,0.020282730445090644,0.6326931523191808,0,0
272,1.0,1,1,0.4768623351338168,0.5536324977874756,0.02016615895072558,1.1743284720176235,0,0
273,1.0,1,1,0.4773614788364622,0.5449424982070923,0.019660101870166116,0.8932869232826735,0,0
274,1.0,1,1,0.47817567882297474,0.5354666113853455,0.01889587689038487,0.5717977842627354,0,0
275,1.0,1,1,0.4780272831260377,0.5338830351829529,0.019062211886191817,0.53888109143115,0,0
276,1.0,1,1,0.4795109480074826,0.528500497341156,0.017653470739819332,0.2872934169018642,0,0
277,1.0,1,1,0.4783636047122249,0.5267058610916138,0.018877551130659958,0.3232756466824421,0,0
278,1.0,1,1,0.4794929382810517,0.5284245610237122,0.017849859487014737,0.2990486408564434,0,0
279,1.0,1,1,0.478912540856486,0.5383105278015137,0.018495143513715836,0.6236928277862042,0,0
280,1.0,1,1,0.48079313373380045,0.5362805724143982,0.01677041761028631,0.44435209643133305,0,0
281,1.0,1,1,0.48005610229977236,0.5408463478088379,0.017612171449345126,0.6327662342388348,0,0
282,1.0,1,1,0.4814008858208619,0.5393257141113281,0.016433895042661562,0.5064697426930711,0,0
283,1.0,1,1,0.4810797671902139,0.5334067344665527,0.016988132396794,0.37866074294038576,0,0
284,1.0,1,1,0.4817565062592062,0.5402804613113403,0.016512643131263115,0.5389852457740425,0,0
285,1.0,1,1,0.48072322944926543,0.530403196811676,0.01783854420485222,0.354084273442002,0,0
286,1.0,1,1,0.48078957324703786,0.5365250110626221,0.018096194532810212,0.5450731955563728,0,0
287,1.0,1,1,0.48081614371629805,0.5301384925842285,0.01832716783526813,0.38119353284814955,0,0
288,1.0,1,1,0.47931503453459784,0.5406137108802795,0.020073610841198995,0.8003934601056042,0,0
289,1.0,1,1,0.4782751033321147,0.5459498763084412,0.02130243190957624,1.0379398634241648,0,0
290,1.0,1,1,0.47878684795199083,0.5499611496925354,0.020969899578079335,1.1276037844310969,0,0
291,1.0,1,1,0.47926924298153756,0.5247241854667664,0.02069070134377634,0.39566722782661673,0,0
292,1.0,1,1,0.47826768764197225,0.5225249528884888,0.021912014927836655,0.420036090807273,0,0
293,1.0,1,1,0.4788649985401459,0.5241976976394653,0.02145500680623475,0.434898612778847,0,0
294,1.0,1,1,0.4786814401658382,0.5242252349853516,0.02182236235014422,0.46167287537185603,0,0
295,1.0,1,1,0.4787623600049178,0.5285701751708984,0.021871260944520965,0.5877460155936319,0,0
296,1.0,1,1,0.47901193967412115,0.5383983254432678,0.021770358418443065,0.8579522038997628,0,0
297,1.0,1,1,0.47867026380429467,0.5257222652435303,0.02226684507981657,0.5353738729713388,0,0
298,1.0,1,1,0.4787691560237569,0.5451049208641052,0.022314240350218638,1.0856995984077384,0,0
299,1.0,1,1,0.4783484162742844,0.5370199680328369,0.02286794994469162,0.8967302581499383,0,0
300,1.0,1,1,0.4792911628274038,0.5254077315330505,0.02203337257544038,0.5099753653075697,0,0
301,1.0,1,1,0.47906788119011867,0.538577139377594,0.02237443379187543,0.9057477243696517,0,0
302,1.0,1,1,0.47892987385605973,0.547461211681366,0.022590363901138603,1.1717341111767792,0,0
303,1.0,1,1,0.4787074527062019,0.5445809960365295,0.022881703008404513,1.1110730576169956,0,0
304,1.0,1,1,0.47940626558695765,0.5521074533462524,0.02222775592330678,1.2771882051561436,0,0
305,1.0,1,1,0.47869305871757156,0.5476333498954773,0.02298198235149228,1.204306006124357,0,0
306,1.0,1,1,0.4798987715590559,0.552842915058136,0.0217984620297257,1.2675622255378254,0,0
307,1.0,1,1,0.4797388107963822,0.5445052981376648,0.021971350244118552,1.044512670339169,0,0
308,1.0,1,1,0.4806396433525174,0.5545554161071777,0.021116357890788588,1.2676169683733158,0,0
309,1.0,1,1,0.48052278323767467,0.5394167304039001,0.021271441508013505,0.8513836716306485,0,0
310,1.0,1,1,0.48178122577834687,0.544522762298584,0.020066673713380938,0.9102145691861001,0,0
311,1.0,1,1,0.4810375404281118,0.5343776345252991,0.020843295465100855,0.6788829653049694,0,0
312,1.0,1,1,0.481836460103016,0.5351986885070801,0.020077090394474657,0.6478297000526331,0,0
313,1.0,1,1,0.48069337865996153,0.5388420820236206,0.02123469098026761,0.8325665225412038,0,0
314,1.0,1,1,0.4820389934453238,0.557844340801239,0.019876196577230235,1.2726650048587882,0,0
315,1.0,1,1,0.48085570647023573,0.5442719459533691,0.021068899791855562,0.9740625693571536,0,0
316,1.0,1,1,0.481751623312767,0.548241376876831,0.020177398850023297,1.0229883900890853,0,0
317,1.0,1,1,0.4802228532296445,0.5466697216033936,0.021738237268670142,1.0890948944620462,0,0
318,1.0,1,1,0.48127232079589866,0.5320984125137329,0.020668993352860824,0.6022290483085747,0,0
319,1.0,1,1,0.48043894210615096,0.5495932102203369,0.021567614917985246,1.1595200290519623,0,0
320,1.0,1,1,0.4820440361649946,0.5451439619064331,0.02004586964825272,0.9262723301917609,0,0
321,1.0,1,1,0.4806951118091971,0.5450257062911987,0.021492146114507078,1.0252858877583844,0,0
322,1.0,1,1,0.48193948275031634,0.5494748950004578,0.020295304134309838,1.0661418018938686,0,0
323,1.0,1,1,0.4802592607236912,0.5561845302581787,0.022097919331213144,1.3830535338862564,0,0
324,1.0,1,1,0.4817644580434325,0.5612466931343079,0.020643758464959746,1.4229973117090386,0,0
325,1.0,1,1,0.48048504219301313,0.5474779009819031,0.02202138053059583,1.1319390276757042,0,0
326,1.0,1,1,0.4806528156136728,0.5712791681289673,0.021911029849539364,1.7957929659651544,0,0
327,1.0,1,1,0.48049335395641785,0.550989031791687,0.02212518737144602,1.238368133732123,0,0
328,1.0,1,1,0.47923862962183944,0.6261221766471863,0.02344068137776186,3.451694140633837,0,1
329,1.0,1,1,0.4804879089454783,0.6278660297393799,0.022207051174059064,3.4136030031504503,0,1
330,1.0,1,1,0.4843741476229615,0.6769238114356995,0.01870622304235029,4.5502480802384015,0,1
331,1.0,1,1,0.48116493251133896,0.6585928797721863,0.021770776857090137,4.24982932538359,0,1
332,1.0,1,1,0.5024905463873934,0.5820897221565247,0.010475805133036717,1.291610255201118,0,1
333,1.0,1,1,0.4913602400219255,0.6966446042060852,0.013961163369026615,4.770961489397113,0,1
334,1.0,1,1,0.5196312528482473,0.5954762101173401,0.015692148928798475,2.038524544264024,0,1
335,1.0,1,1,0.5057935885409321,0.6010971069335938,0.009503483139385104,1.759182199587894,0,1
336,1.0,1,1,0.5357959378948183,0.5992286205291748,0.02933902758462491,3.1101841613999905,0,1
337,1.0,1,1,0.527608790258205,0.6151875257492065,0.019930236353206756,2.8946935672872995,0,1
338,1.0,1,1,0.5583552816234039,0.6105209589004517,0.04843946645329101,4.780557656084088,0,1
339,1.0,1,1,0.5448127391377406,0.6066113710403442,0.033305024298255465,3.5991900406794444,0,1
340,1.0,1,1,0.5754907072542856,0.575502336025238,0.06084137227847435,4.670007774027764,0,0
341,1.0,1,1,0.5652593878408614,0.582792341709137,0.04826427688402679,3.9856680683959413,0,1
342,1.0,1,1,0.5877162328558568,0.5740575194358826,0.06713585358375591,5.0746860111942365,0,0
343,1.0,1,1,0.5556309380999751,0.6182156205177307,0.0368613967278233,4.178336656944819,0,1
344,1.0,1,1,0.581026433014966,0.574161171913147,0.055070460252128826,4.223762320316704,0,0
345,1.0,1,1,0.5457795378653981,0.6003831028938293,0.0286064844904775,3.090922330965387,0,1
346,1.0,1,1,0.5748309054430074,0.5730386972427368,0.04522504180607996,3.495341855532698,0,0
347,1.0,1,1,0.5252004562731869,0.598450779914856,0.022229041890486658,2.5850713790467426,0,1
348,1.0,1,1,0.5516295301048559,0.6086713671684265,0.028607636795075116,3.3248957432388395,0,1
349,1.0,1,1,0.4792390783448462,0.6438080072402954,0.05977939084860134,6.5224147454651575,0,1
350,1.0,1,1,0.47140108014840854,0.6462355256080627,0.06757739358632886,7.142770720036701,0,1
351,1.0,1,1,0.4161326754322942,0.5766677260398865,0.12249103310189031,9.0657432651528,0,0
352,1.0,1,1,0.4593675068027218,0.6091855764389038,0.07989065716964809,6.968624462836616,0,1
353,1.0,1,1,0.44803051659337434,0.6109991669654846,0.08962366339283954,7.708592736395868,0,1
354,1.0,1,1,0.5406313028560246,0.6164517998695374,0.035198154808155545,4.010857277021235,0,1
355,1.0,1,1,0.5055405556914212,0.613998532295227,0.04605302838479275,4.709809105986638,0,1
356,1.0,1,1,0.5880125869652366,0.5668759942054749,0.05335200999486793,3.8965652045268286,0,0
357,1.0,1,1,0.5549140669222877,0.6150602102279663,0.03691356045979256,4.092983647019182,0,1
358,1.0,1,1,0.573741748388938,0.5782954096794128,0.04091882294459048,3.3389401372509377,0,0
359,1.0,1,1,0.45846897033131423,0.6416553854942322,0.09036015210810917,8.625820440248813,0,1
360,1.0,1,1,0.4993054953843244,0.6570537686347961,0.059752421402745164,6.8942968289526405,0,1
361,1.0,1,1,0.4011292356471019,0.5732768177986145,0.14528631335667982,10.583238828359223,0,2
362,1.0,1,1,0.45418489669073836,0.6170556545257568,0.09448722928368455,8.22369149300113,0,1
363,1.0,1,1,0.3650117050993401,0.5252938270568848,0.17712579901907857,11.48240576230165,0,2
364,1.0,1,1,0.4215238956837974,0.5673003196716309,0.12114597221615983,8.706210571162163,0,0
365,1.0,1,1,0.31379738777497185,0.5175010561943054,0.22085825327387895,14.357372887142096,1,2
366,1.0,1,1,0.4879257372141906,0.6536418795585632,0.07777875193469862,8.073709321428083,0,1
367,1.0,1,1,0.418682495963567,0.5925953388214111,0.11856878370766037,9.237643463047709,0,1
368,1.0,1,1,0.570065560582246,0.5849902033805847,0.07094995137721576,5.6531201020905595,0,1
369,1.0,1,1,0.5133853873669216,0.6202256679534912,0.06912071940930134,6.518000519640328,0,1
370,1.0,1,1,0.6320440109027221,0.5926101207733154,0.10967202880564471,8.60845138763181,0,1
371,1.0,1,1,0.5833859180460683,0.5775478482246399,0.07471841239791813,5.709787492910582,0,0
372,1.0,1,1,0.593446665565299,0.5777701139450073,0.07839932434289633,5.976552045617225,0,0
373,1.0,1,1,0.3857011165548696,0.5988332629203796,0.143799945845638,11.199244737876175,0,3
374,1.0,1,1,0.5375794729215138,0.6098001599311829,0.0682506905657516,6.162225837172604,0,1
375,1.0,1,1,0.26712420480818727,0.5278559923171997,0.25081556011970774,16.769616530888456,0,2
376,1.0,1,1,0.41250483003469784,0.5635279417037964,0.11469009184755354,8.142883006565054,0,0
377,1.0,1,1,0.20459087232612255,0.5115564465522766,0.2986495123195885,19.6947819947503,0,2
378,1.0,1,1,0.3792724354743682,0.5675212740898132,0.13513959998360736,9.702752642089937,0,2
379,1.0,1,1,0.17866471021673697,0.5131329894065857,0.3081434518097223,20.411142494362647,1,2
380,1.0,1,1,0.32331663031903607,0.5213299989700317,0.17391499071137304,11.14332414028624,1,2
381,1.0,1,1,0.15846473654552384,0.5167242288589478,0.3133881315490194,20.883643649362764,1,2
382,1.0,1,1,0.2367201844743933,0.5120357871055603,0.23691103231406008,15.33917462191297,1,2
383,1.0,1,1,0.10367496123812031,0.5344634652137756,0.34903091744364345,23.90662193936793,1,2
384,1.0,1,1,0.09594363880386152,0.5264474153518677,0.34467251442983016,23.3719746072519,1,2
385,1.0,1,1,0.08730658500189165,0.5025835633277893,0.33333566306178625,21.8962542345707,1,2
386,1.0,1,1,0.0854937324704195,0.502105176448822,0.3205574564088073,20.978460933543992,1,2
387,1.0,1,1,0.09269161821273188,0.5009218454360962,0.30097008119416635,19.558900313662786,1,2
388,1.0,1,1,0.0922549235206804,0.49599361419677734,0.2854997672489001,18.32501783169504,1,2
389,1.0,1,1,0.08738022227127966,0.5102591514587402,0.27318166852000797,17.85585392522422,1,2
390,1.0,1,1,0.09531388980070805,0.5047315955162048,0.25611619826849774,16.492172034846302,1,2
391,1.0,1,1,0.08942998824265067,0.5020552277565002,0.24518605112757924,15.643136733343725,1,2
392,1.0,1,1,0.09540039946695869,0.497798889875412,0.23185090477892586,14.579317262890978,1,2
393,1.0,1,1,0.088522075703706,0.5046877861022949,0.22324030874460482,14.164361252381612,1,2
394,1.0,1,1,0.09944840561449249,0.4931695759296417,0.20765121194056538,12.736105838005072,1,2
395,1.0,1,1,0.09910271697867662,0.511867105960846,0.19658859796379113,12.480859851046809,1,2
396,1.0,1,1,0.10371927775331782,0.5050477981567383,0.18639260355013765,11.566867079940007,1,2
397,1.0,1,1,0.10263772246610535,0.5087885856628418,0.17335835937228325,10.750018008107226,1,2
398,1.0,1,1,0.11050635810966843,0.4974636733531952,0.1599410821979882,9.480913617031838,1,2
399,1.0,1,1,0.10334049115144088,0.5059337019920349,0.14608629631134876,8.739453611631607,1,2
400,1.0,1,1,0.10976406812607596,0.5094112753868103,0.12876127299490334,7.611525105230592,0,0
401,1.0,1,1,0.10355560036039849,0.5142604112625122,0.11904056110832563,7.060446648125825,0,0
402,1.0,1,1,0.10768874658425699,0.5157008767127991,0.09954741521950813,5.721597089578351,0,0
403,1.0,1,1,0.10268603675229007,0.5054401159286499,0.08748789870866834,4.578609241595932,0,0
404,1.0,1,1,0.10661233311512654,0.5068570971488953,0.07444611131667339,3.6956493628414573,0,0
405,1.0,1,1,0.10143917056168739,0.5052018761634827,0.06493535757897213,2.9758786767947245,0,0
406,1.0,1,1,0.1071298824711894,0.506869375705719,0.054014306607361444,2.250069484702774,0,0
407,1.0,1,1,0.10692869954600537,0.5014972686767578,0.0439182269187157,1.3839870103996936,0,0
408,1.0,1,1,0.10627889001672437,0.5099568367004395,0.041173524612761046,1.428474782938054,0,0
409,1.0,1,1,0.10252148591179701,0.5045732855796814,0.03579585222727022,0.8959835527006633,0,0
410,1.0,1,1,0.11092359539426642,0.5066333413124084,0.025591434389237944,0.23196714536116456,0,0
411,1.0,1,1,0.10284399996879505,0.4964889585971832,0.025855462862615187,-0.035618845583854974,0,0
412,1.0,1,1,0.1063725866860456,0.49941930174827576,0.02061230526667736,-0.3239755428672105,0,0
413,1.0,1,1,0.10667370305011917,0.49503108859062195,0.01589055795998407,-0.7819599140785752,0,0
414,1.0,1,1,0.10930741794011668,0.5049654245376587,0.013520476770205491,-0.6693433745500323,0,0
415,1.0,1,1,0.10566861312490214,0.500835657119751,0.017377322592614024,-0.5129410856570545,0,0
416,1.0,1,1,0.10612096131987217,0.4993588626384735,0.017537042001744333,-0.5433126109188677,0,0
417,1.0,1,1,0.1059106336739094,0.5021545886993408,0.01843494394268885,-0.40087512279393,0,0
418,1.0,1,1,0.10763644772844798,0.5067951679229736,0.01716903256654574,-0.359506167989594,0,0
419,1.0,1,1,0.1050188779409115,0.5069820880889893,0.020280050997984935,-0.1340695132284932,0,0
420,1.0,1,1,0.11145054234878139,0.5069223642349243,0.014914006982296295,-0.515501313108731,0,0
421,1.0,1,1,0.10229942644013945,0.4987594187259674,0.024125346106013815,-0.09398488502868357,0,0
422,1.0,1,1,0.10983099751689596,0.49895766377449036,0.01746252725023755,-0.5599075905899777,0,0
423,1.0,1,1,0.10197844028085379,0.5013951063156128,0.02535633347354701,0.06750830116230461,0,0
424,1.0,1,1,0.10918658730562163,0.49241748452186584,0.019153277364915334,-0.6248174186608276,0,0
425,1.0,1,1,0.1036470738362152,0.4986945688724518,0.0244608514604615,-0.07207174362577246,0,0
426,1.0,1,1,0.11045075543869737,0.5053669214248657,0.018508401171638964,-0.3050257860824591,0,0
427,1.0,1,1,0.10432013359754454,0.4961065649986267,0.024163652850562763,-0.16613656477151317,0,0
428,1.0,1,1,0.1096903219840871,0.4878312349319458,0.01926249708539412,-0.7465104422596718,0,0
429,1.0,1,1,0.10328751533426442,0.5080052614212036,0.025225150280704826,0.2447608974255409,0,0
430,1.0,1,1,0.10967217047575226,0.4985050559043884,0.019238033650838683,-0.44703025490395853,0,0
431,1.0,1,1,0.1059795006093311,0.49765992164611816,0.022528335890054794,-0.23803017799008175,0,0
432,1.0,1,1,0.11106886362109512,0.5008583664894104,0.017994675210709393,-0.46861117087558524,0,0
433,1.0,1,1,0.10919865323586223,0.4970068335533142,0.01953662389791313,-0.4681787983370547,0,0
434,1.0,1,1,0.10857935004140544,0.5141355395317078,0.020339040916958564,0.07197296128177356,0,0
435,1.0,1,1,0.10746341328752661,0.5067225694656372,0.021520544901713342,-0.053605252610335385,0,0
436,1.0,1,1,0.11320024549304658,0.503028929233551,0.01639013543154224,-0.5209093956477602,0,0
437,1.0,1,1,0.1094244630691879,0.4970138669013977,0.019962648644975264,-0.4378312249149278,0,0
438,1.0,1,1,0.11206019547288529,0.5000748038291931,0.017509134235535594,-0.5250839938372018,0,0
439,1.0,1,1,0.10476748399309643,0.49884721636772156,0.024895530020378184,-0.037002574244641734,0,0
440,1.0,1,1,0.11020359424982215,0.505156397819519,0.0198009082761978,-0.21949801187994514,0,0
441,1.0,1,1,0.1096829772250617,0.4972280263900757,0.020167032020546375,-0.4173238334901088,0,0
442,1.0,1,1,0.11111253451921019,0.5065199136734009,0.018964959013936997,-0.2401788820211425,0,0
443,1.0,1,1,0.10810247337269283,0.5022270083427429,0.02199737137499134,-0.14672413381814597,0,0
444,1.0,1,1,0.11529860443550811,0.4993361234664917,0.015630489384983293,-0.6788780034345205,0,0
445,1.0,1,1,0.10835236005811644,0.4896191656589508,0.0219948165834999,-0.5026937619134911,0,0
446,1.0,1,1,0.11959357286084259,0.5095244646072388,0.012803401819542152,-0.5914351433207936,0,0
447,1.0,1,1,0.10805818806430031,0.4916343092918396,0.022827533859788845,-0.38689704706647166,0,0
448,1.0,1,1,0.122489146471867,0.49878737330436707,0.011306517735525812,-1.0003641449328708,0,0
449,1.0,1,1,0.11302157972069155,0.5067774653434753,0.018570139203724634,-0.26085163664834515,0,0
450,1.0,1,1,0.11802339658049048,0.5009408593177795,0.014476225668425314,-0.715278339636593,0,0
451,1.0,1,1,0.10489152987486317,0.5013657212257385,0.027046719020735965,0.18630496532371557,0,0
452,1.0,1,1,0.12158367845699301,0.5036497712135315,0.012458269861265404,-0.781641338930999,0,0
453,1.0,1,1,0.10926733881343371,0.4944055378437042,0.023249219276004752,-0.27885195716750977,0,0
454,1.0,1,1,0.11983248308290673,0.502177357673645,0.014258608229270654,-0.6957852370849673,0,0
455,1.0,1,1,0.11123405726552046,0.5109869241714478,0.021819870983159906,0.08791614967239535,0,0
456,1.0,1,1,0.11997062039603025,0.5068021416664124,0.014735707286802902,-0.5315119374877003,0,0
457,1.0,1,1,0.10690242190959624,0.5054314732551575,0.02668204122171369,0.2752313706046922,0,0
458,1.0,1,1,0.11665833525499288,0.5076004266738892,0.017768836647347533,-0.29433487053528673,0,0
459,1.0,1,1,0.10622826103392904,0.5116755962371826,0.027674545483479467,0.5216762475290035,0,0
460,1.0,1,1,0.11145957331253079,0.5041409730911255,0.02281068054451685,-0.03515613194804186,0,0
461,1.0,1,1,0.10607590199827854,0.5060489773750305,0.02798450947034474,0.3848307266133972,0,0
462,1.0,1,1,0.113688102786581,0.5108596682548523,0.020997183135285386,0.026104720426564337,0,0
463,1.0,1,1,0.1028709859416254,0.4981836974620819,0.031279946878812324,0.39608820153769236,0,0
464,1.0,1,1,0.10876510976048939,0.5057334303855896,0.02547205696411835,0.19812382874863194,0,0
465,1.0,1,1,0.10508292143340588,0.5026360154151917,0.02886328113452675,0.35070743105192825,0,0
466,1.0,1,1,0.10730073065231717,0.5023792386054993,0.0266261506866662,0.18514311159891947,0,0
467,1.0,1,1,0.10302597397624687,0.5004726648330688,0.030644228368524096,0.41569325591973905,0,0
468,1.0,1,1,0.10862244767074473,0.5150764584541321,0.025111784509948356,0.4362848433206156,0,0
469,1.0,1,1,0.1028515496515993,0.5030122995376587,0.030490778130002266,0.476501412943134,0,0
470,1.0,1,1,0.11084090105907457,0.4986741840839386,0.02310803904804519,-0.16838338132764963,0,0
471,1.0,1,1,0.10297618729111353,0.5072923898696899,0.030323519572746552,0.5854474150237949,0,0
472,1.0,1,1,0.112001018483638,0.5006574988365173,0.022023016052370187,-0.18920029992080237,0,0
473,1.0,1,1,0.10207999679817377,0.5054042935371399,0.03102576653336897,0.5818629113405609,0,0
474,1.0,1,1,0.11095925740857247,0.5028165578842163,0.022748356970624436,-0.07694119768131191,0,0
475,1.0,1,1,0.10814389897506183,0.5134234428405762,0.02482915950033223,0.3696364083819398,0,0
476,1.0,1,1,0.11307776901880227,0.5152603387832642,0.02056038066406576,0.11937825792824219,0,0
477,1.0,1,1,0.10922165741576914,0.5048120021820068,0.023407538576942857,0.026018765148011075,0,0
478,1.0,1,1,0.11507661059485975,0.5189188718795776,0.01849147850765991,0.07620783841774759,0,0
479,1.0,1,1,0.10902558987809781,0.5113092660903931,0.02330233495170866,0.20192414478397736,0,0
480,1.0,1,1,0.1133785347721133,0.5190972685813904,0.019093339062566158,0.12383484554465096,0,0
481,1.0,1,1,0.10609086339318055,0.5081241130828857,0.025949033048260222,0.2993428829544825,0,0
482,1.0,1,1,0.11837365059461664,0.5209608674049377,0.015273440889903218,-0.09390318735874098,0,0
483,1.0,1,1,0.11194713960735656,0.5249671339988708,0.020224581222334604,0.3695365680430842,0,0
484,1.0,1,1,0.1210530769417677,0.5059840083122253,0.013011419708059031,-0.6766244631885877,0,0
485,1.0,1,1,0.11209147943689521,0.511905312538147,0.020028306321965263,-0.012953443915573709,0,0
486,1.0,1,1,0.1216214863186518,0.5168746709823608,0.012190360592984846,-0.42739889172205625,0,0
487,1.0,1,1,0.11209123909779826,0.5112080574035645,0.020095256957066543,-0.02789174531563303,0,0
488,1.0,1,1,0.12230322841243367,0.503657877445221,0.011679580909968202,-0.8365191645260959,0,0
489,1.0,1,1,0.11255249823570779,0.5127075910568237,0.01999512149734511,0.007338132763161642,0,0
490,1.0,1,1,0.11595730505659879,0.5075506567955017,0.016932324263959773,-0.3549380118094433,0,0
491,1.0,1,1,0.10566967657597097,0.5056714415550232,0.027238675455276817,0.3213953113521166,0,0
492,1.0,1,1,0.11200509615586757,0.5238776803016663,0.021216290892683388,0.4089742913643556,0,0
493,1.0,1,1,0.10713944318191183,0.5142665505409241,0.025699267780901924,0.45500478869585254,0,0
494,1.0,1,1,0.11151155554047741,0.5070234537124634,0.021767228322765265,-0.027657012353965442,0,0
495,1.0,1,1,0.11099835438843694,0.5073925256729126,0.022139876540928256,0.009129789558060639,0,0
496,1.0,1,1,0.11503754567794412,0.5058131814002991,0.018833946838968482,-0.2693941386084404,0,0
497,1.0,1,1,0.1122575789142601,0.5225555896759033,0.021270037081918085,0.3754688973067849,0,0
498,1.0,1,1,0.11735656354693243,0.5063572525978088,0.017176811077159307,-0.3713135096338061,0,0
499,1.0,1,1,0.11603362295003244,0.514998733997345,0.018171248468641068,-0.057079227598410304,0,0
500,1.0,1,1,0.11642328489040912,0.5020843148231506,0.018142590909523516,-0.42354758646385515,0,0
501,1.0,1,1,0.11096767225714975,0.5146620273590088,0.02378428300382739,0.33064457185364055,0,0
502,1.0,1,1,0.11272297058935563,0.5218877792358398,0.022316601952023417,0.43068725853266415,0,0
503,1.0,1,1,0.10565619554081364,0.5208801031112671,0.029386207622555293,0.9025557643753596,0,0
504,1.0,1,1,0.11103732346336756,0.5236853361129761,0.0243872427456466,0.6279496342016768,0,0
505,1.0,1,1,0.10823203981609916,0.5222125053405762,0.026932172173850924,0.7664874888533487,0,0
506,1.0,1,1,0.11667707823084247,0.5158226490020752,0.0195890708682805,0.0665084001468404,0,0
507,1.0,1,1,0.10890947252582797,0.522162675857544,0.026377654465891368,0.7258389809445762,0,0
508,1.0,1,1,0.11690228465736646,0.5181687474250793,0.01938083259560932,0.11797777006629243,0,0
509,1.0,1,1,0.10970658180396556,0.5123235583305359,0.025630994826839303,0.3953426720773666,0,0
510,1.0,1,1,0.11825444616148185,0.5200595259666443,0.01827416281432491,0.09301760391659142,0,0
511,1.0,1,1,0.11502096313275582,0.5124819874763489,0.020688855760593282,0.050066152279586426,0,0
512,1.0,1,1,0.11773571542931642,0.5009629726409912,0.018527367592824896,-0.4279614285446074,0,0
513,1.0,1,1,0.11688223898747858,0.5210763216018677,0.01901220862275875,0.17394154443941537,0,0
514,1.0,1,1,0.12005328259701173,0.5164862871170044,0.01635745748884041,-0.1434601158707609,0,0
515,1.0,1,1,0.11190804079615527,0.5145437121391296,0.02402234826547884,0.3441532590250026,0,0
516,1.0,1,1,0.11980047013737578,0.5107297301292419,0.01655660862297149,-0.2918144940294371,0,0
517,1.0,1,1,0.11071568449293166,0.5072588920593262,0.025147889407968572,0.21823099061664367,0,0
518,1.0,1,1,0.12199403694629664,0.5113322734832764,0.014864833278889707,-0.3945351898573429,0,0
519,1.0,1,1,0.11177115766271271,0.519567608833313,0.024036258035820737,0.4869102065561886,0,0
520,1.0,1,1,0.11943225904089322,0.5107374787330627,0.017080502617748492,-0.2545206850956573,0,0
521,1.0,1,1,0.10714135807768578,0.5141512751579285,0.028755844734557657,0.6680608557749509,0,0
522,1.0,1,1,0.11591512996873979,0.5127543807029724,0.020520261579018047,0.0458218495957191,0,0
523,1.0,1,1,0.10908477040066868,0.5064660310745239,0.02699182292206099,0.32634898276881835,0,0
524,1.0,1,1,0.12032543250588806,0.5149744749069214,0.01725498613830655,-0.12260624062996886,0,0
525,1.0,1,1,0.10829103658393402,0.503798246383667,0.028144196878267896,0.3326167240424966,0,0
526,1.0,1,1,0.11341624649534651,0.5075214505195618,0.023176047011325883,0.08609614161222433,0,0
527,1.0,1,1,0.1096010134796949,0.5069288611412048,0.026689932749603663,0.31804559426914136,0,0
528,1.0,1,1,0.10998826716795279,0.5078610181808472,0.0262141268801936,0.31067870806546427,0,0
529,1.0,1,1,0.10581124736462062,0.5158060193061829,0.03014553680422645,0.8131034472223242,0,0
530,1.0,1,1,0.11270388971249941,0.5112614035606384,0.023275872652746166,0.19870078636635385,0,0
531,1.0,1,1,0.10418648047948079,0.5289007425308228,0.031305577997255564,1.264726145359878,0,0
532,1.0,1,1,0.10617602507773449,0.5216789841651917,0.029126844539016785,0.9067451895845999,0,0
533,1.0,1,1,0.09928228342259568,0.5200864672660828,0.03576550381116435,1.3316123047998993,0,0
534,1.0,1,1,0.10482571448336557,0.5296087861061096,0.030283385643225483,1.2123679531391156,0,0
535,1.0,1,1,0.10203204435423019,0.5239584445953369,0.03259622550958916,1.2165933330593104,0,0
536,1.0,1,1,0.10163251599015133,0.5188677906990051,0.032789087358272385,1.0865854201986225,0,0
537,1.0,1,1,0.10233425074201109,0.5161311030387878,0.03158586719838959,0.9242070891853812,0,0
538,1.0,1,1,0.10178198617652762,0.506167471408844,0.031918957704412505,0.6666092398659691,0,0
539,1.0,1,1,0.09706840382643867,0.5188425183296204,0.03612853010514016,1.3221993032717845,0,0
540,1.0,1,1,0.09835205589069251,0.5193126797676086,0.034423605441635405,1.2148122804730432,0,0
541,1.0,1,1,0.09160444899128035,0.5927853584289551,0.04050779933202127,3.718753841191462,0,1
542,1.0,1,1,0.04616040858153887,0.5557988882064819,0.08517128927038022,5.83577308593055,0,0
543,1.0,1,1,0.05474412482790382,0.5471701622009277,0.07467819177156733,4.849693664150433,0,0
544,1.0,1,1,0.848293115741857,0.5816968679428101,0.2785814680764837,20.25393607793552,0,3
545,1.0,1,1,0.874598844483719,0.5833544731140137,0.24487499691496095,17.915359665435354,0,3
546,1.0,1,1,0.7468756409007631,0.628511905670166,0.36302996414532457,27.5513257338328,1,3
547,1.0,1,1,0.756611504208693,0.6412320137023926,0.3414165453094231,26.380735321498754,1,3
548,1.0,1,1,0.7410001761514389,0.6271496415138245,0.3446711285772871,26.213657484308953,1,3
549,1.0,1,1,0.7378677677267564,0.6380698084831238,0.33510374164214085,25.844751925473872,1,3
550,1.0,1,1,0.7235426896948418,0.63172847032547,0.33696537334285703,25.797546340767777,1,3
551,1.0,1,1,0.741230847798906,0.6296933889389038,0.3071969558171662,23.63345343134544,1,3
552,1.0,1,1,0.732433561430543,0.6129088997840881,0.3030823195208155,22.868614849252616,1,3
553,1.0,1,1,0.7536873869044278,0.6711113452911377,0.2733652990332848,22.4080407786268,1,3
554,1.0,1,1,0.743446813318745,0.624136209487915,0.26852506105410706,20.739883223303075,1,3
555,1.0,1,1,0.7725954195121213,0.6708287596702576,0.23946120283470934,20.000727263025965,1,3
556,1.0,1,1,0.7636852396111315,0.696756899356842,0.2313638385325489,20.15937251577299,1,3
557,1.0,1,1,0.8056274575233742,0.6789101958274841,0.20638762297370009,17.888217785088806,1,3
558,1.0,1,1,0.787874307477781,0.7057276964187622,0.1999357046072376,18.188406081758448,1,3
559,1.0,1,1,0.8219535180915621,0.5963667631149292,0.18213013836410585,13.842207850133141,1,3
560,1.0,1,1,0.8188116297782861,0.5943465232849121,0.1718419217688046,13.057116650451341,1,3
561,1.0,1,1,0.8354661678403141,0.6041004657745361,0.16030348683363738,12.515812715174821,1,3
562,1.0,1,1,0.8389133949927419,0.5875405669212341,0.15004339117268523,11.322407590826364,1,3
563,1.0,1,1,0.847871728223392,0.5942919254302979,0.14070072877685072,10.851763140990643,1,3
564,1.0,1,1,0.8566523033476617,0.5929166674613953,0.1323523540306967,10.22215262698019,1,1
565,1.0,1,1,0.8662963011816418,0.5724554657936096,0.12483171637692042,9.112521219922588,1,0
566,1.0,1,1,0.8641961604706263,0.5830855965614319,0.11459389737658252,8.687985530151717,1,1
567,1.0,1,1,0.8666633751230021,0.5742011666297913,0.10558604826446306,7.79979890448987,0,0
568,1.0,1,1,0.8654422169893943,0.5875828266143799,0.09551609133367449,7.4647897212131245,0,1
569,1.0,1,1,0.8673187916262872,0.5860010385513306,0.08634791509414048,6.771334951628409,0,1
570,1.0,1,1,0.8700576156451986,0.5820241570472717,0.07778125195801246,6.052859625439606,0,1
571,1.0,1,1,0.8618733607203561,0.5933868885040283,0.06628092641867407,5.559652083183762,0,1
572,1.0,1,1,0.8705055067007562,0.5728813409805298,0.059262469064737845,4.484307754257737,0,0
573,1.0,1,1,0.8649031046177171,0.5754454731941223,0.04993614504295175,3.8966575106622283,0,0
574,1.0,1,1,0.8685752751779343,0.5796251893043518,0.04291645907709071,3.51783558154752,0,0
575,1.0,0,1,0.8695289213679421,0.5799000859260559,0.04199470430936869,3.460361945079196,0,0
576,1.0,0,1,0.8692608974812265,0.5882452726364136,0.0398206567643437,3.5420062489597814,0,1
577,1.0,0,1,0.8705895700972682,0.5863773822784424,0.03715314481983139,3.300519463966563,0,1
578,1.0,0,1,0.8725273151820934,0.567720353603363,0.03494639406125858,2.6178565135059735,0,0
579,1.0,0,1,0.8799613826570136,0.5794590711593628,0.03470769228846133,2.932226396129969,0,0
580,1.0,0,1,0.88145709028607,0.5684813261032104,0.03143944727724068,2.3911498313328607,0,0
581,1.0,0,1,0.8826451968475348,0.5874766707420349,0.027509017112978852,2.6490413893944242,0,1
